Time,Freq1,Freq2,Freq3,Freq4,Freq5,Freq6,Freq7,Freq8,Freq9,Freq10,Freq11,Freq12,Freq13,Freq14,Freq15,Freq16,Temp1,Temp2,Temp3,Temp4,Temp5,Temp6,Temp7,Temp8,Fan1,Fan2
0,4699,4580,4561,4561,4515,4488,4444,4402,800,800,800,800,800,800,800,800,59,58,57,56,56,55,55,55,0,0
1,4664,4627,4627,4578,4496,4473,4430,4429,4417,4405,4400,4237,800,800,800,800,99,70,70,69,69,68,68,64,0,0
3,4688,4667,4663,4642,4585,4511,4503,4472,800,800,800,800,800,800,800,800,99,71,70,69,69,66,65,65,0,0
4,4607,4606,4595,4594,4586,4574,4558,4553,800,800,800,800,800,800,800,800,99,71,71,69,69,66,66,64,0,0
5,4599,4528,4528,4482,4396,4389,4384,4362,4324,4303,800,800,800,800,800,800,100,71,71,70,69,68,65,64,0,0
7,4527,4526,4491,4399,4398,4383,4378,4359,4329,4322,4288,4244,4240,4227,4208,4197,100,72,71,69,69,68,65,65,1453,1336
8,4645,4601,4566,4519,4464,4360,4349,4244,800,800,800,800,800,800,800,800,100,72,71,70,70,68,66,65,1817,1566
10,4531,4531,4518,4491,4412,4407,4404,4389,4347,800,800,800,800,800,800,800,100,72,71,70,69,68,67,65,2046,1730
11,4699,4693,4637,4629,4567,4551,4502,800,800,800,800,800,800,800,800,800,100,72,71,70,70,69,69,65,2212,1875
12,4584,4584,4581,4553,4497,4370,4351,4304,800,800,800,800,800,800,800,800,100,72,71,70,70,69,66,65,2388,2063
14,4583,4564,4557,4516,4499,4466,4460,4412,4258,800,800,800,800,800,800,800,100,72,71,70,69,69,67,65,2577,2212
15,4599,4558,4543,4543,4435,4428,4414,4388,4384,800,800,800,800,800,800,800,100,72,71,70,69,69,67,65,2767,2369
16,4394,4379,4369,4360,4319,4318,4311,4292,4291,4284,800,800,800,800,800,800,100,72,71,70,70,69,67,65,2952,2529
18,4506,4506,4502,4500,4500,4500,4499,4388,800,800,800,800,800,800,800,800,100,72,71,70,70,69,66,65,3128,2688
19,4595,4514,4503,4500,4500,4500,4500,4499,4476,4318,800,800,800,800,800,800,100,72,71,70,70,70,67,65,3296,2868
20,4483,4483,4480,4442,4413,4399,4376,4359,4332,4292,800,800,800,800,800,800,100,73,71,70,70,70,69,66,3440,3033
22,4596,4594,4587,4566,4544,4510,4408,800,800,800,800,800,800,800,800,800,100,72,71,70,70,69,68,65,3592,3188
23,4467,4466,4439,4426,4396,4369,4355,4344,800,800,800,800,800,800,800,800,100,72,72,70,70,69,66,66,3750,3340
24,4599,4481,4481,4476,4433,4414,4407,4385,4372,4297,800,800,800,800,800,800,100,72,71,70,70,69,66,65,3916,3500
26,4599,4596,4573,4553,4498,4466,4400,800,800,800,800,800,800,800,800,800,100,72,71,70,70,69,66,65,3963,3504
27,4602,4591,4580,4557,4554,4529,4512,4500,4478,4338,800,800,800,800,800,800,100,72,71,70,70,70,70,65,3947,3492
28,4599,4517,4501,4494,4470,4441,4429,4406,4381,800,800,800,800,800,800,800,100,72,71,70,70,69,66,65,3943,3492
30,4504,4504,4442,4406,4394,4372,4331,4295,4264,4238,800,800,800,800,800,800,100,72,71,70,70,69,67,65,3942,3492
31,4601,4600,4599,4586,4531,4493,4479,4475,4460,4450,4419,800,800,800,800,800,100,72,71,71,70,70,69,65,3942,3492
32,4476,4470,4470,4395,4393,4386,4384,4279,800,800,800,800,800,800,800,800,100,72,71,70,70,68,66,65,3942,3492
34,4567,4519,4500,4499,4459,4449,4429,4324,800,800,800,800,800,800,800,800,100,73,71,70,70,68,66,65,3942,3491
35,4450,4440,4373,4356,4349,4323,4304,4259,4256,800,800,800,800,800,800,800,100,72,71,70,69,69,66,65,3942,3492
36,4599,4597,4595,4395,4362,4268,4213,4211,800,800,800,800,800,800,800,800,100,72,72,70,70,69,69,65,3942,3491
38,4600,4597,4595,4591,4590,4339,4274,4220,800,800,800,800,800,800,800,800,100,72,71,70,69,68,66,65,3940,3491
39,4586,4502,4500,4495,4492,4485,4474,4450,4438,4406,800,800,800,800,800,800,100,72,71,70,70,69,68,65,3942,3489
40,4589,4588,4584,4560,4548,4498,4471,4463,4346,4308,800,800,800,800,800,800,100,72,71,70,69,68,66,65,3940,3490
42,4600,4599,4563,4510,4500,4473,4395,4357,4314,4279,4241,800,800,800,800,800,100,72,72,70,70,69,68,65,3942,3491
43,4563,4562,4561,4456,4431,4400,4400,800,800,800,800,800,800,800,800,800,100,72,71,69,69,68,66,65,3942,3492
44,4598,4591,4564,4557,4482,4373,4323,4219,4215,800,800,800,800,800,800,800,100,73,71,69,69,67,66,65,3942,3490
46,4601,4600,4595,4595,4553,4528,4490,4422,800,800,800,800,800,800,800,800,100,72,71,70,69,68,66,65,3942,3488
47,4502,4500,4498,4446,4374,4353,800,800,800,800,800,800,800,800,800,800,100,72,71,70,69,69,68,65,3942,3490
49,4521,4516,4510,4432,4397,4383,4365,4336,4306,4218,800,800,800,800,800,800,100,72,71,70,69,69,68,65,3942,3491
50,4599,4598,4584,4552,4499,4498,4341,4320,4225,800,800,800,800,800,800,800,100,72,71,70,69,69,68,65,3942,3488
51,4599,4594,4579,4527,4479,4447,4361,4313,800,800,800,800,800,800,800,800,100,72,71,70,70,69,69,65,3943,3491
53,4599,4574,4556,4556,4448,4426,4400,4400,800,800,800,800,800,800,800,800,100,72,72,70,70,69,68,65,3942,3489
54,4599,4475,4474,4474,4465,4431,4419,4406,4365,4365,4308,4308,4289,4273,4251,800,100,72,71,70,69,68,66,65,3942,3489
55,4585,4518,4511,4506,4504,4500,4499,4498,800,800,800,800,800,800,800,800,100,72,71,70,69,68,66,64,3939,3486
57,4599,4599,4599,4592,4589,4540,4504,4494,4394,800,800,800,800,800,800,800,100,72,71,70,70,69,69,65,3942,3490
58,4596,4504,4500,4455,4452,4445,4420,800,800,800,800,800,800,800,800,800,100,72,72,71,69,69,67,65,3942,3489
59,4506,4500,4500,4499,4498,4495,4491,4424,800,800,800,800,800,800,800,800,100,72,71,69,69,69,67,65,3939,3490
61,4491,4476,4390,4384,4357,4355,4332,4301,4233,800,800,800,800,800,800,800,100,72,71,69,69,69,68,64,3942,3487
62,4553,4544,4544,4432,4415,4414,4379,4353,800,800,800,800,800,800,800,800,100,72,71,70,69,69,68,65,3938,3486
63,4600,4517,4502,4407,4362,4355,4347,4334,4300,4227,800,800,800,800,800,800,100,72,71,70,70,69,69,65,3938,3485
65,4579,4555,4528,4517,4485,4462,4434,4412,4339,4204,800,800,800,800,800,800,100,72,71,70,69,68,66,65,3936,3485
66,4599,4505,4500,4500,4486,4467,4460,4367,4244,800,800,800,800,800,800,800,100,72,71,70,69,69,67,65,3939,3487
67,4599,4506,4500,4494,4494,4461,4460,4405,800,800,800,800,800,800,800,800,100,72,71,70,69,68,66,65,3942,3487
69,4576,4576,4537,4446,4402,4400,4389,4334,4322,800,800,800,800,800,800,800,100,72,71,70,70,70,69,65,3942,3487
70,4599,4582,4581,4545,4539,4477,4429,4210,800,800,800,800,800,800,800,800,100,72,71,70,69,69,67,65,3943,3489
71,4600,4594,4591,4545,4538,4318,4303,4202,800,800,800,800,800,800,800,800,100,72,71,70,69,68,66,65,3939,3484
73,4547,4524,4504,4496,4491,4469,4469,800,800,800,800,800,800,800,800,800,100,72,71,69,69,68,66,65,3934,3484
74,4598,4550,4550,4535,4529,4428,4403,4368,4342,800,800,800,800,800,800,800,100,72,71,69,69,68,66,64,3934,3482
75,4599,4597,4595,4573,4537,4356,4333,4237,800,800,800,800,800,800,800,800,100,72,71,70,70,69,68,65,3935,3484
76,4596,4587,4576,4575,4554,4494,4415,4362,4360,4287,800,800,800,800,800,800,100,72,71,70,69,68,65,64,3932,3483
78,4403,4401,4400,4400,4400,4400,4400,4398,4330,4301,4199,800,800,800,800,800,99,79,72,72,70,69,67,65,3931,3483
79,4599,4574,4573,4482,4462,4460,4405,4369,4340,4308,800,800,800,800,800,800,100,72,71,69,69,69,68,64,3932,3482
80,4604,4599,4596,4595,4595,4593,4542,4369,800,800,800,800,800,800,800,800,100,72,71,69,69,69,68,65,3931,3482
82,4600,4599,4594,4579,4557,4556,4519,4448,800,800,800,800,800,800,800,800,100,71,71,70,69,69,68,65,3931,3482
83,4499,4499,4498,4484,4469,4278,4275,4265,4233,4224,800,800,800,800,800,800,100,72,71,70,69,68,66,65,3931,3480
85,4600,4597,4595,4586,4576,4570,4491,4449,4386,4351,4286,4227,4219,4214,4208,800,100,72,71,70,69,68,67,65,3932,3480
86,4542,4520,4503,4497,4489,4476,4386,800,800,800,800,800,800,800,800,800,100,72,71,70,69,68,66,65,3931,3484
87,4565,4532,4531,4528,4487,4466,4408,800,800,800,800,800,800,800,800,800,100,72,71,69,69,68,66,65,3928,3482
89,4583,4580,4566,4566,4465,4438,4433,4397,4385,800,800,800,800,800,800,800,100,72,71,70,69,69,68,65,3931,3482
90,4600,4594,4517,4500,4499,4492,4479,4460,4243,800,800,800,800,800,800,800,100,72,70,69,69,68,66,65,3931,3480
91,4500,4500,4498,4491,4447,4429,800,800,800,800,800,800,800,800,800,800,100,72,71,69,69,68,68,64,3929,3483
93,4576,4560,4532,4510,4375,4370,4340,4318,4317,4313,4311,4303,4269,4239,4218,800,99,73,72,70,69,69,67,65,3929,3481
94,4600,4451,4450,4444,4427,4357,4355,4349,4344,4330,800,800,800,800,800,800,100,72,71,69,69,68,67,64,3930,3482
95,4599,4589,4579,4525,4501,4467,4214,800,800,800,800,800,800,800,800,800,100,72,71,70,69,68,67,65,3934,3479
97,4570,4557,4550,4489,4464,4460,4453,4308,800,800,800,800,800,800,800,800,100,72,71,70,69,68,66,65,3931,3482
98,4557,4556,4550,4546,4484,4460,4431,4399,800,800,800,800,800,800,800,800,100,71,71,70,69,68,66,64,3928,3482
99,4516,4501,4498,4430,4362,4333,4320,4318,4227,800,800,800,800,800,800,800,100,72,71,69,69,68,65,64,3932,3480
101,4600,4539,4539,4501,4413,4380,4373,4367,4270,800,800,800,800,800,800,800,100,72,71,70,69,69,68,65,3934,3480
102,4599,4599,4492,4461,4410,4396,4377,4341,4328,4312,4283,4206,4200,4198,4196,800,100,72,71,69,69,69,68,65,3931,3481
103,4598,4597,4594,4579,4565,4502,4463,4456,800,800,800,800,800,800,800,800,100,72,71,70,69,68,66,64,3931,3480
105,4501,4500,4500,4473,4471,4350,4281,4216,800,800,800,800,800,800,800,800,100,72,71,69,69,69,68,64,3931,3482
106,4597,4582,4572,4566,4529,4463,4455,800,800,800,800,800,800,800,800,800,100,72,70,69,69,68,66,65,3929,3481
107,4585,4580,4551,4531,4473,4403,4400,4362,4306,800,800,800,800,800,800,800,100,72,71,69,69,68,66,64,3931,3479
109,4561,4487,4481,4459,4451,4396,4344,4317,4278,4262,800,800,800,800,800,800,100,72,71,70,69,69,68,65,3929,3484
110,4577,4574,4550,4531,4520,4500,4486,4479,4370,4334,4201,800,800,800,800,800,100,72,70,70,69,68,66,64,3931,3482
111,4700,4693,4650,4628,4625,4605,4597,4493,4274,800,800,800,800,800,800,800,100,71,71,69,69,69,68,64,3934,3479
113,4620,4578,4558,4558,4451,4428,4424,4397,4299,800,800,800,800,800,800,800,100,72,71,70,69,69,68,64,3931,3480
114,4599,4595,4588,4567,4537,4373,4322,800,800,800,800,800,800,800,800,800,100,72,71,69,69,68,68,64,3932,3479
115,4600,4600,4600,4595,4560,4545,4426,4298,800,800,800,800,800,800,800,800,100,72,71,69,69,69,68,64,3937,3481
117,4597,4552,4552,4541,4433,4423,4392,4356,4355,800,800,800,800,800,800,800,100,72,71,69,69,69,68,64,3932,3476
118,4593,4561,4558,4526,4435,4424,4401,4349,800,800,800,800,800,800,800,800,100,72,71,69,69,68,66,64,3934,3479
119,4535,4534,4508,4415,4402,4395,4375,4371,4333,4308,800,800,800,800,800,800,100,72,71,69,69,69,68,64,3931,3476
121,4661,4633,4623,4623,4459,4428,4428,4397,4341,800,800,800,800,800,800,800,100,71,71,69,69,68,68,64,3931,3477
122,4591,4578,4558,4489,4486,4439,4431,4371,4350,4270,800,800,800,800,800,800,100,71,71,69,69,69,68,64,3932,3481
123,4495,4473,4356,4355,4338,4309,4294,4215,4205,800,800,800,800,800,800,800,100,72,71,70,69,68,66,64,3937,3480
125,4567,4552,4544,4534,4517,4514,4494,4373,4263,800,800,800,800,800,800,800,100,71,71,69,69,68,66,64,3935,3479
126,4599,4562,4562,4447,4431,4425,4400,4400,4384,800,800,800,800,800,800,800,100,72,71,70,69,69,68,64,3932,3479
127,4559,4501,4500,4495,4481,4479,4394,800,800,800,800,800,800,800,800,800,100,72,70,69,69,68,66,64,3935,3481
129,4587,4563,4563,4444,4443,4401,4400,4400,4362,4307,4291,4217,800,800,800,800,100,72,71,69,69,68,66,64,3935,3483
130,4599,4597,4510,4479,4324,4317,4316,4284,4272,4208,800,800,800,800,800,800,100,72,70,69,69,68,66,64,3932,3481
131,4584,4553,4543,4511,4454,4446,4410,4357,4319,800,800,800,800,800,800,800,100,72,71,69,69,69,68,64,3932,3481
133,4500,4499,4493,4493,4485,4467,4452,4432,4317,800,800,800,800,800,800,800,99,73,71,69,69,68,66,64,3935,3482
134,4530,4528,4491,4453,4340,4306,4298,4271,4205,800,800,800,800,800,800,800,100,72,71,69,69,68,67,64,3937,3483
135,4646,4600,4536,4505,4493,4460,4337,4308,4296,800,800,800,800,800,800,800,100,72,70,69,69,68,66,64,3934,3480
137,4599,4585,4561,4561,4431,4401,4400,4394,800,800,800,800,800,800,800,800,100,71,71,69,69,68,66,64,3937,3482
138,4599,4594,4569,4560,4373,4357,4341,4307,800,800,800,800,800,800,800,800,99,72,71,71,69,67,66,64,3935,3483
139,4588,4539,4526,4518,4502,4460,4457,4324,4285,4276,4255,4254,800,800,800,800,100,71,71,69,69,68,67,64,3934,3480
140,4585,4531,4500,4495,4481,4424,4400,4290,4226,800,800,800,800,800,800,800,100,72,71,69,69,68,65,63,3937,3480
142,4599,4563,4489,4489,4408,4391,4389,4257,800,800,800,800,800,800,800,800,100,72,70,68,68,68,66,63,3934,3483
143,4600,4600,4597,4591,4581,4525,4413,800,800,800,800,800,800,800,800,800,100,72,71,69,69,69,68,64,3934,3480
144,4598,4463,4463,4423,4397,4385,4348,4331,4270,4269,4253,800,800,800,800,800,100,72,70,69,69,68,66,63,3937,3481
146,4603,4596,4596,4589,4585,4524,4500,4407,4267,800,800,800,800,800,800,800,100,72,71,69,69,68,66,64,3937,3481
147,4653,4644,4581,4581,4576,4485,4459,4405,4400,4396,4379,4359,4339,4294,4288,4224,100,72,71,69,69,69,68,64,3937,3479
148,4526,4526,4500,4399,4375,4364,4340,4330,4325,800,800,800,800,800,800,800,100,71,70,69,68,68,66,64,3935,3480
150,4578,4529,4503,4496,4478,4422,4407,4300,800,800,800,800,800,800,800,800,100,72,71,69,69,67,65,64,3932,3482
151,4600,4599,4592,4581,4495,4443,4405,4338,4312,800,800,800,800,800,800,800,100,71,71,69,69,68,68,63,3937,3484
153,4531,4531,4491,4420,4395,4377,4350,4339,4301,4250,800,800,800,800,800,800,100,72,71,69,69,69,67,63,3937,3483
154,4596,4537,4530,4446,4431,4408,4405,4400,4399,800,800,800,800,800,800,800,100,71,69,69,68,68,66,63,3934,3481
155,4500,4500,4499,4498,4497,4490,4480,4426,800,800,800,800,800,800,800,800,100,71,70,69,69,68,66,64,3935,3478
157,4600,4546,4545,4531,4447,4440,4406,4375,4301,4213,800,800,800,800,800,800,100,71,71,69,69,67,66,64,3937,3481
158,4584,4561,4560,4536,4452,4430,4407,4397,4326,800,800,800,800,800,800,800,100,72,71,69,69,67,66,64,3937,3484
159,4599,4570,4555,4553,4500,4476,4464,4384,4239,800,800,800,800,800,800,800,100,71,71,69,69,68,65,63,3935,3484
161,4599,4572,4534,4478,4460,4433,4403,4345,4331,800,800,800,800,800,800,800,100,72,71,69,69,69,68,63,3937,3484
162,4510,4502,4497,4490,4473,4457,4442,4404,4203,800,800,800,800,800,800,800,100,72,71,69,69,69,68,63,3937,3482
163,4599,4596,4562,4540,4421,4203,800,800,800,800,800,800,800,800,800,800,100,72,71,69,69,69,68,63,3937,3485
165,4599,4553,4552,4541,4431,4408,4395,4372,4371,4363,800,800,800,800,800,800,100,71,70,69,68,68,67,63,3940,3484
166,4597,4594,4591,4589,4567,4558,4530,4339,800,800,800,800,800,800,800,800,100,72,71,69,69,69,67,63,3939,3485
167,4600,4596,4593,4593,4585,4539,4472,4430,800,800,800,800,800,800,800,800,100,72,70,69,69,67,65,63,3937,3485
169,4601,4486,4470,4356,4352,4339,4332,4290,4250,4242,800,800,800,800,800,800,100,72,70,69,69,67,67,63,3937,3485
170,4560,4552,4552,4446,4432,4409,4397,4367,4304,800,800,800,800,800,800,800,100,72,70,69,69,67,66,64,3939,3484
171,4653,4603,4599,4596,4593,4589,4554,4552,4346,4207,800,800,800,800,800,800,100,71,71,69,69,68,65,63,3938,3484
173,4525,4525,4512,4468,4450,4440,4401,4400,4249,800,800,800,800,800,800,800,100,72,70,69,69,69,67,64,3942,3484
174,4557,4557,4551,4488,4455,4433,4397,4276,800,800,800,800,800,800,800,800,100,72,70,69,69,68,66,63,3937,3484
175,4514,4483,4388,4360,4354,4339,4338,4314,4283,4240,800,800,800,800,800,800,100,71,70,69,69,69,67,63,3938,3484
177,4698,4577,4576,4495,4399,4393,4377,4358,4320,4205,800,800,800,800,800,800,100,71,70,69,69,68,67,63,3939,3483
178,4599,4542,4542,4528,4451,4420,4396,4358,4237,800,800,800,800,800,800,800,100,72,71,69,69,67,66,63,3939,3484
179,4499,4490,4490,4452,4430,4400,4372,4361,4309,800,800,800,800,800,800,800,100,72,71,69,69,68,68,63,3940,3484
181,4698,4669,4536,4506,4363,4353,4317,4282,4215,800,800,800,800,800,800,800,100,71,70,69,69,68,68,63,3942,3484
182,4524,4524,4497,4459,4423,4412,4392,4366,4357,800,800,800,800,800,800,800,100,71,70,69,69,69,68,64,3937,3484
183,4507,4499,4436,4403,4377,4344,4308,4287,4235,4230,800,800,800,800,800,800,100,71,70,69,69,67,65,63,3937,3483
185,4568,4561,4560,4557,4450,4429,4397,4391,800,800,800,800,800,800,800,800,100,71,69,69,69,68,68,63,3935,3481
186,4598,4518,4512,4436,4433,4370,4366,4345,4309,4229,800,800,800,800,800,800,100,71,70,69,68,68,65,64,3935,3484
187,4410,4407,4405,4400,4400,4394,4394,4391,4386,4382,4372,4360,4301,4262,4202,800,99,72,72,71,69,68,65,63,3937,3484
189,4505,4492,4491,4488,4487,4359,800,800,800,800,800,800,800,800,800,800,100,71,71,69,68,67,65,63,3937,3484
190,4657,4599,4593,4565,4565,4433,4400,4399,4380,4313,4223,800,800,800,800,800,100,71,70,69,68,68,65,63,3938,3485
191,4576,4553,4552,4531,4453,4443,4422,4400,4399,4246,4244,800,800,800,800,800,100,71,70,69,69,68,68,63,3940,3484
193,4594,4590,4558,4540,4455,4401,4400,4286,800,800,800,800,800,800,800,800,100,71,70,68,68,68,65,63,3942,3484
194,4696,4648,4439,4419,4367,4343,4332,4329,4318,4304,4222,800,800,800,800,800,100,72,70,69,69,68,65,63,3940,3484
195,4650,4599,4562,4554,4550,4466,4411,4406,4404,4400,4341,4293,4256,4245,4228,4210,100,71,69,69,68,68,65,63,3942,3484
197,4584,4566,4566,4490,4461,4431,4400,4314,800,800,800,800,800,800,800,800,100,71,70,69,68,67,64,63,3942,3484
198,4648,4539,4539,4506,4456,4441,4434,4429,4361,4345,4295,800,800,800,800,800,100,71,71,69,69,68,68,64,3942,3484
199,4600,4600,4595,4537,4532,4448,4353,800,800,800,800,800,800,800,800,800,100,71,70,69,69,67,67,63,3942,3485
200,4599,4590,4490,4487,4487,4447,4427,4401,4400,4338,800,800,800,800,800,800,100,71,69,69,69,67,66,63,3943,3485
202,4600,4598,4517,4514,4490,4478,4440,800,800,800,800,800,800,800,800,800,100,71,69,69,68,68,65,64,3942,3485
203,4600,4600,4594,4539,4536,4395,4324,4220,800,800,800,800,800,800,800,800,100,71,69,69,69,67,65,63,3940,3484
204,4599,4555,4506,4487,4375,4342,4332,4253,4207,4200,800,800,800,800,800,800,100,71,70,69,69,68,68,63,3942,3484
206,4663,4577,4529,4502,4369,4366,4356,4286,4277,4252,800,800,800,800,800,800,100,71,70,69,69,68,68,63,3940,3487
207,4598,4545,4544,4534,4455,4420,4391,4360,4316,800,800,800,800,800,800,800,100,71,71,69,68,68,65,63,3942,3488
208,4649,4598,4596,4541,4457,4359,4320,4276,800,800,800,800,800,800,800,800,100,70,70,69,68,66,65,63,3942,3484
210,4599,4598,4593,4592,4533,4508,4399,4342,4325,4259,800,800,800,800,800,800,100,71,70,69,69,69,68,63,3940,3484
211,4600,4595,4595,4590,4586,4571,4570,4428,4212,800,800,800,800,800,800,800,100,71,69,69,69,67,65,63,3939,3485
212,4599,4592,4570,4531,4516,4477,4468,800,800,800,800,800,800,800,800,800,100,71,70,69,68,67,65,63,3942,3484
214,4560,4550,4548,4548,4453,4426,4403,4383,4365,800,800,800,800,800,800,800,100,71,71,69,68,67,67,63,3942,3486
215,4587,4560,4528,4502,4460,4458,4447,4324,800,800,800,800,800,800,800,800,100,71,69,69,68,68,68,63,3942,3487
216,4599,4538,4492,4483,4359,4321,4301,4288,800,800,800,800,800,800,800,800,100,72,70,69,69,68,68,64,3942,3486
218,4601,4577,4414,4400,4340,4328,4316,4298,4280,4250,800,800,800,800,800,800,100,70,70,69,68,68,65,64,3944,3488
219,4692,4660,4659,4503,4400,4338,4309,4301,4257,800,800,800,800,800,800,800,100,72,70,68,68,66,66,64,3942,3490
221,4600,4599,4598,4597,4570,4500,4452,4267,4256,4249,800,800,800,800,800,800,100,71,69,69,68,67,65,63,3943,3487
222,4584,4568,4568,4557,4482,4462,4437,4400,800,800,800,800,800,800,800,800,100,70,70,68,68,66,65,63,3942,3487
223,4567,4524,4507,4500,4492,4485,4480,4442,4418,4365,800,800,800,800,800,800,100,71,70,69,69,67,65,63,3944,3486
225,4591,4576,4555,4525,4507,4468,4468,4365,800,800,800,800,800,800,800,800,100,71,69,69,69,68,65,63,3940,3482
226,4595,4595,4576,4486,4461,4447,4400,4283,4260,4232,4228,4228,800,800,800,800,100,71,69,68,68,68,66,63,3939,3484
227,4642,4595,4589,4588,4540,4515,4324,800,800,800,800,800,800,800,800,800,100,71,71,69,68,68,68,63,3943,3489
229,4669,4649,4497,4468,4452,4452,4448,4420,4367,800,800,800,800,800,800,800,100,71,71,69,69,68,68,62,3940,3487
230,4597,4509,4489,4452,4434,4400,4359,4227,800,800,800,800,800,800,800,800,100,71,70,69,68,67,65,63,3943,3489
231,4679,4672,4498,4375,4335,4303,4293,4270,4233,800,800,800,800,800,800,800,100,71,70,69,69,68,68,63,3944,3486
233,4642,4607,4589,4562,4549,4532,4481,4473,4401,4208,800,800,800,800,800,800,100,71,71,69,69,68,68,64,3938,3485
234,4664,4497,4490,4408,4389,4358,4352,4324,4306,4206,4200,800,800,800,800,800,100,71,69,69,69,68,65,63,3939,3483
235,4693,4644,4623,4550,4511,4501,4374,800,800,800,800,800,800,800,800,800,100,70,70,69,69,68,68,63,3938,3483
237,4552,4552,4457,4413,4402,4358,4319,4266,4215,800,800,800,800,800,800,800,100,71,70,69,68,68,67,63,3937,3480
238,4542,4541,4532,4460,4401,4387,4364,4322,800,800,800,800,800,800,800,800,99,71,71,69,68,67,65,62,3938,3480
240,4541,4530,4498,4363,4318,4282,4279,4269,800,800,800,800,800,800,800,800,100,71,70,69,69,68,67,63,3939,3483
241,4600,4577,4576,4518,4482,4477,4453,4452,4425,4404,800,800,800,800,800,800,100,71,70,69,69,69,68,63,3940,3483
242,4683,4544,4523,4520,4361,4330,4322,4289,4261,4242,800,800,800,800,800,800,100,70,70,69,68,68,67,63,3943,3483
244,4666,4567,4566,4543,4485,4456,4441,4438,4400,4337,800,800,800,800,800,800,100,71,70,68,68,68,67,63,3942,3485
245,4620,4582,4582,4502,4468,4400,4400,4335,4270,800,800,800,800,800,800,800,100,71,70,68,68,68,68,63,3944,3486
246,4621,4599,4590,4589,4564,4555,4510,4500,4478,4457,4213,800,800,800,800,800,100,71,70,69,68,68,65,63,3945,3487
247,4665,4592,4592,4545,4444,4433,4390,4352,4216,800,800,800,800,800,800,800,100,71,70,69,68,67,67,64,3942,3486
249,4599,4597,4597,4554,4467,4437,800,800,800,800,800,800,800,800,800,800,100,71,69,68,68,67,65,63,3939,3484
250,4636,4598,4594,4586,4578,4565,4518,4402,4389,4274,800,800,800,800,800,800,100,71,69,69,68,67,66,63,3943,3486
251,4664,4628,4623,4623,4491,4487,4449,4400,4355,4298,800,800,800,800,800,800,100,71,70,69,68,68,67,63,3942,3487
253,4592,4576,4569,4531,4477,4368,4283,4202,800,800,800,800,800,800,800,800,100,70,69,69,69,66,64,63,3940,3485
254,4598,4523,4523,4463,4450,4407,4363,4361,4323,4233,800,800,800,800,800,800,100,72,71,69,68,68,65,62,3945,3484
255,4651,4599,4561,4548,4522,4499,4405,4404,4400,4240,800,800,800,800,800,800,100,71,70,69,68,67,65,63,3942,3488
257,4530,4473,4473,4381,4378,4342,4325,4319,4309,4283,800,800,800,800,800,800,100,71,69,68,68,66,63,62,3942,3485
258,4616,4614,4613,4441,4417,4399,4362,4233,800,800,800,800,800,800,800,800,99,71,70,70,69,67,65,63,3939,3484
260,4657,4615,4542,4377,4322,4307,4296,4266,4207,800,800,800,800,800,800,800,100,71,70,69,69,68,66,63,3942,3485
261,4600,4599,4599,4597,4596,4553,4501,4499,4457,4450,4234,800,800,800,800,800,100,71,69,69,68,67,67,63,3940,3483
262,4602,4602,4565,4423,4415,4388,4347,4221,800,800,800,800,800,800,800,800,98,72,71,69,68,66,65,63,3943,3484
264,4658,4560,4543,4394,4358,4283,4251,4246,800,800,800,800,800,800,800,800,100,71,70,69,68,66,64,63,3943,3483
265,4505,4505,4462,4390,4337,4337,4298,4297,4240,4208,800,800,800,800,800,800,100,70,70,69,68,66,65,63,3940,3480
266,4599,4486,4485,4427,4402,4383,4353,4338,4334,800,800,800,800,800,800,800,100,71,69,69,68,68,65,62,3938,3484
268,4673,4668,4618,4599,4513,4498,4474,4461,4454,4218,800,800,800,800,800,800,100,71,70,68,68,67,65,63,3940,3481
269,4598,4533,4533,4498,4401,4400,4374,4358,4337,4321,4208,800,800,800,800,800,100,70,69,68,68,66,64,63,3938,3477
270,4675,4664,4614,4609,4602,4598,4396,800,800,800,800,800,800,800,800,800,100,70,69,68,68,67,67,62,3934,3482
272,4632,4539,4539,4519,4512,4467,4442,4430,4397,4237,4225,800,800,800,800,800,100,70,69,69,68,66,65,63,3938,3480
273,4600,4592,4590,4587,4587,4546,4534,4283,800,800,800,800,800,800,800,800,100,70,70,69,68,66,65,63,3935,3476
274,4657,4647,4644,4448,4432,4325,4314,4267,4223,4204,800,800,800,800,800,800,100,70,69,69,68,67,64,62,3936,3484
276,4599,4597,4595,4579,4565,4471,4376,800,800,800,800,800,800,800,800,800,100,71,70,68,68,68,66,62,3936,3481
277,4559,4559,4546,4544,4526,4497,4479,800,800,800,800,800,800,800,800,800,100,70,70,68,68,67,65,63,3935,3483
278,4597,4590,4576,4573,4534,4502,4410,4378,4262,800,800,800,800,800,800,800,100,71,69,69,68,67,65,63,3936,3484
280,4612,4612,4525,4469,4430,4400,4389,4323,800,800,800,800,800,800,800,800,100,71,71,69,68,68,67,63,3932,3478
281,4490,4490,4443,4416,4395,4365,4359,4352,800,800,800,800,800,800,800,800,100,71,70,69,68,66,65,63,3935,3479
282,4699,4497,4480,4480,4403,4374,4369,4367,4316,800,800,800,800,800,800,800,100,71,69,68,68,68,66,63,3934,3480
284,4598,4485,4484,4482,4480,4365,4357,4346,4255,4251,800,800,800,800,800,800,100,71,70,68,68,66,65,63,3932,3478
285,4570,4570,4500,4472,4418,4402,4401,4378,4360,800,800,800,800,800,800,800,100,70,70,68,68,66,66,63,3937,3477
286,4599,4597,4589,4490,4464,4413,4396,4312,4301,800,800,800,800,800,800,800,100,71,69,69,68,66,64,63,3932,3480
288,4599,4575,4551,4551,4428,4400,4400,4394,4378,800,800,800,800,800,800,800,100,70,70,68,68,67,65,63,3932,3479
289,4601,4599,4597,4595,4585,4575,4571,4457,800,800,800,800,800,800,800,800,100,71,70,69,68,66,64,63,3938,3482
290,4599,4576,4492,4482,4468,4400,4395,4387,4372,4344,800,800,800,800,800,800,100,70,70,68,68,66,64,63,3935,3478
292,4645,4599,4554,4547,4546,4419,4391,4388,4365,4364,4261,800,800,800,800,800,100,70,70,69,68,66,65,63,3937,3480
293,4626,4622,4610,4578,4564,4522,4498,4441,4399,4322,4312,4299,800,800,800,800,100,71,70,69,68,67,65,63,3935,3479
294,4512,4512,4489,4478,4385,4377,4367,4356,4325,800,800,800,800,800,800,800,100,70,70,69,68,66,64,63,3932,3480
296,4511,4510,4431,4403,4400,4384,4362,4320,4205,800,800,800,800,800,800,800,100,71,70,69,68,66,65,62,3937,3479
297,4657,4600,4584,4505,4461,4306,4302,4271,4264,4260,4227,800,800,800,800,800,100,71,71,68,68,66,65,63,3934,3480
298,4691,4674,4537,4502,4408,4401,4380,4283,4253,4223,800,800,800,800,800,800,100,70,70,69,68,68,66,63,3934,3480
300,4589,4569,4569,4502,4483,4464,4401,4400,4400,800,800,800,800,800,800,800,100,71,70,69,69,66,65,63,3936,3481
301,4688,4667,4633,4632,4504,4471,4436,4404,4400,4338,800,800,800,800,800,800,100,70,70,68,68,68,66,62,3935,3478
302,4526,4526,4445,4400,4386,4373,4352,4345,4227,4208,800,800,800,800,800,800,100,71,71,69,68,67,66,62,3937,3479
304,4599,4582,4550,4500,4466,4455,4451,4311,4237,800,800,800,800,800,800,800,100,71,69,69,68,67,65,62,3934,3476
305,4699,4688,4673,4625,4598,4589,4550,4258,4230,800,800,800,800,800,800,800,99,71,70,68,68,67,65,64,3937,3479
306,4554,4554,4551,4478,4434,4432,4400,800,800,800,800,800,800,800,800,800,100,70,70,68,68,68,66,62,3932,3479
308,4651,4642,4612,4530,4500,4488,4467,4338,4306,800,800,800,800,800,800,800,100,70,70,68,68,66,66,62,3932,3478
309,4692,4670,4620,4600,4498,4472,4454,4432,4383,800,800,800,800,800,800,800,100,70,70,68,68,66,65,62,3935,3479
310,4600,4599,4597,4596,4520,4444,4432,800,800,800,800,800,800,800,800,800,100,71,70,69,68,66,65,62,3934,3477
312,4582,4530,4499,4491,4405,4401,4312,4306,4252,800,800,800,800,800,800,800,99,70,69,69,68,66,65,62,3934,3477
313,4600,4584,4578,4578,4510,4489,4485,4455,4400,800,800,800,800,800,800,800,100,70,70,69,68,66,65,63,3937,3478
314,4519,4505,4504,4353,4221,4220,4207,4205,800,800,800,800,800,800,800,800,99,71,70,69,69,66,65,63,3932,3473
316,4697,4678,4543,4515,4424,4406,4372,4333,4326,4280,4212,800,800,800,800,800,100,70,69,69,68,68,66,63,3934,3482
317,4574,4542,4491,4487,4487,4477,4471,4406,4350,800,800,800,800,800,800,800,100,70,70,68,68,67,67,63,3932,3480
319,4599,4543,4543,4532,4409,4381,4349,4348,4347,4331,800,800,800,800,800,800,100,70,70,68,68,68,66,63,3934,3477
320,4699,4686,4487,4469,4462,4444,4357,4269,800,800,800,800,800,800,800,800,100,70,70,68,68,67,67,63,3937,3479
321,4694,4693,4620,4587,4583,4534,4518,4504,800,800,800,800,800,800,800,800,99,70,70,69,69,66,65,62,3937,3482
323,4591,4507,4504,4504,4457,4450,4300,4282,4250,800,800,800,800,800,800,800,100,70,70,69,69,67,66,63,3934,3479
324,4652,4566,4537,4536,4509,4285,4274,4226,4208,800,800,800,800,800,800,800,100,70,70,69,69,68,67,63,3937,3481
325,4606,4606,4584,4425,4406,4384,4344,4222,800,800,800,800,800,800,800,800,100,70,70,68,68,66,64,62,3937,3474
327,4688,4616,4609,4602,4541,800,800,800,800,800,800,800,800,800,800,800,100,70,69,68,68,67,67,62,3937,3474
328,4581,4580,4558,4437,4417,4379,4337,4312,4234,800,800,800,800,800,800,800,100,70,69,68,68,67,65,62,3934,3477
329,4695,4686,4652,4618,4607,4585,4503,4363,4282,800,800,800,800,800,800,800,100,70,70,69,68,67,66,63,3935,3482
331,4566,4566,4492,4486,4446,4419,4375,4336,800,800,800,800,800,800,800,800,100,70,70,69,69,68,66,62,3935,3483
332,4667,4596,4595,4556,4464,4456,4393,4357,4252,800,800,800,800,800,800,800,99,70,70,68,68,66,64,63,3932,3482
333,4692,4687,4674,4629,4591,4572,4559,800,800,800,800,800,800,800,800,800,100,70,69,69,68,66,65,63,3937,3482
335,4595,4577,4558,4510,4456,4400,4397,4344,800,800,800,800,800,800,800,800,100,70,70,68,68,66,64,62,3937,3481
336,4603,4585,4577,4525,4504,4382,800,800,800,800,800,800,800,800,800,800,100,71,70,68,68,68,67,63,3932,3479
338,4698,4658,4647,4647,4481,4445,4438,4400,4399,4329,4303,4289,4270,4263,4253,800,100,70,69,69,68,67,66,63,3934,3479
339,4662,4579,4542,4537,4501,4498,4453,4394,4367,800,800,800,800,800,800,800,100,70,69,68,68,66,65,62,3932,3481
340,4654,4545,4535,4520,4501,4493,4490,800,800,800,800,800,800,800,800,800,100,70,70,69,68,66,65,62,3937,3478
342,4686,4678,4663,4644,4621,4500,4469,4446,4420,4366,800,800,800,800,800,800,100,70,70,69,68,68,66,63,3937,3476
343,4501,4501,4484,4420,4406,4400,4400,4400,4346,800,800,800,800,800,800,800,99,71,69,69,68,66,66,62,3937,3476
344,4695,4652,4527,4500,4460,4350,4341,4334,4289,800,800,800,800,800,800,800,99,71,70,68,68,66,65,63,3935,3479
346,4699,4689,4661,4574,4468,4464,4442,4322,800,800,800,800,800,800,800,800,100,70,69,68,68,66,65,63,3935,3477
347,4699,4695,4693,4671,4655,4621,4551,4339,4325,4205,800,800,800,800,800,800,100,70,69,68,68,66,65,63,3931,3478
348,4655,4653,4626,4604,4603,4495,4261,800,800,800,800,800,800,800,800,800,99,70,70,68,68,66,65,62,3934,3479
350,4698,4678,4543,4510,4365,4358,4288,4286,4235,800,800,800,800,800,800,800,100,70,70,68,68,67,66,63,3934,3480
351,4668,4650,4507,4370,4361,4331,4326,4305,4273,4209,800,800,800,800,800,800,100,70,70,68,68,66,65,63,3934,3476
352,4696,4669,4643,4627,4496,4444,4429,4388,800,800,800,800,800,800,800,800,100,70,69,69,68,66,65,62,3934,3479
354,4694,4678,4571,4416,4342,4318,4272,4260,4218,800,800,800,800,800,800,800,100,70,70,69,68,68,66,62,3937,3480
355,4698,4618,4594,4590,4563,4538,4511,800,800,800,800,800,800,800,800,800,100,70,69,69,68,68,66,63,3935,3477
357,4508,4488,4380,4367,4348,4324,4292,4239,4202,800,800,800,800,800,800,800,100,70,69,68,68,66,64,62,3935,3478
358,4591,4486,4486,4444,4443,4436,4428,4399,4398,4385,4383,800,800,800,800,800,99,75,70,70,69,68,65,63,3937,3477
359,4629,4622,4566,4564,4511,4422,4411,4405,4361,4314,4245,4243,800,800,800,800,99,70,70,68,68,66,65,62,3935,3473
360,4678,4622,4609,4512,4398,4313,4296,4295,4276,800,800,800,800,800,800,800,99,70,69,68,68,66,65,63,3934,3479
362,4692,4635,4597,4574,4574,4539,4489,4296,800,800,800,800,800,800,800,800,99,70,70,68,68,66,65,63,3932,3480
363,4699,4598,4596,4596,4586,4581,4510,4343,800,800,800,800,800,800,800,800,100,70,70,69,68,67,66,62,3937,3476
364,4688,4634,4604,4576,4564,4511,4505,800,800,800,800,800,800,800,800,800,100,70,69,69,68,67,66,62,3934,3477
366,4672,4614,4595,4557,4535,4407,4314,800,800,800,800,800,800,800,800,800,100,70,69,68,68,67,66,63,3931,3476
367,4671,4620,4550,4509,4484,4406,4351,4306,4287,4279,4209,4206,800,800,800,800,99,70,69,69,68,66,65,62,3932,3477
369,4623,4605,4600,4585,4533,4413,800,800,800,800,800,800,800,800,800,800,100,70,70,68,68,66,65,62,3935,3476
370,4699,4600,4599,4566,4494,4451,4448,4400,4397,4383,800,800,800,800,800,800,100,70,69,68,68,66,65,62,3934,3476
371,4676,4644,4644,4521,4503,4483,4439,4433,4401,4398,4392,4301,800,800,800,800,100,70,69,68,68,67,66,62,3932,3478
373,4698,4578,4577,4569,4460,4422,4400,4400,800,800,800,800,800,800,800,800,100,70,69,68,68,66,65,62,3934,3479
374,4668,4643,4643,4616,4505,4448,4400,4341,800,800,800,800,800,800,800,800,99,70,69,68,68,66,64,62,3932,3478
375,4698,4588,4588,4566,4465,4435,4400,4400,800,800,800,800,800,800,800,800,99,71,69,69,68,66,65,62,3934,3476
377,4698,4698,4692,4683,4679,4666,4575,4565,4463,4453,4252,4218,4207,800,800,800,97,71,70,70,68,67,64,63,3934,3474
378,4636,4610,4605,4595,4581,4523,4517,800,800,800,800,800,800,800,800,800,99,71,70,68,68,66,64,62,3934,3479
380,4699,4640,4606,4584,4568,4566,4534,4522,4484,4456,4345,4308,4290,4245,4216,800,100,70,70,68,68,66,65,62,3934,3475
381,4599,4594,4592,4592,4482,4455,800,800,800,800,800,800,800,800,800,800,100,70,69,69,68,67,66,62,3934,3480
382,4698,4694,4594,4546,4517,4480,4469,4299,4265,4243,800,800,800,800,800,800,100,70,70,69,68,66,64,62,3932,3476
384,4691,4689,4686,4681,4680,4674,4612,4525,4294,800,800,800,800,800,800,800,100,70,69,69,68,66,64,62,3932,3477
385,4692,4690,4631,4629,4625,4545,4512,4263,800,800,800,800,800,800,800,800,100,70,69,68,68,67,66,62,3934,3477
386,4635,4588,4541,4540,4467,4441,4440,800,800,800,800,800,800,800,800,800,100,70,69,68,68,66,64,62,3934,3477
388,4698,4553,4547,4439,4413,4377,4347,4342,4338,4309,4209,800,800,800,800,800,100,70,69,68,68,67,66,63,3932,3476
389,4635,4516,4407,4393,4319,4313,4309,800,800,800,800,800,800,800,800,800,100,70,70,68,68,67,66,62,3934,3482
390,4697,4478,4473,4468,4426,4388,4370,4265,800,800,800,800,800,800,800,800,99,70,69,68,67,66,64,62,3937,3478
392,4691,4667,4657,4657,4652,4489,4489,4449,4400,4390,800,800,800,800,800,800,100,70,69,68,68,67,66,62,3938,3477
393,4696,4569,4526,4525,4401,4392,4373,4366,4361,4352,800,800,800,800,800,800,100,71,69,68,68,67,66,64,3939,3477
394,4588,4569,4564,4526,4500,4455,4451,4405,800,800,800,800,800,800,800,800,100,70,69,69,68,68,66,62,3937,3480
396,4699,4636,4626,4607,4604,4582,4575,4526,800,800,800,800,800,800,800,800,100,70,69,68,68,66,65,62,3937,3478
397,4625,4568,4535,4406,4397,4384,4375,4348,4316,4243,800,800,800,800,800,800,100,70,70,69,68,66,65,62,3937,3480
398,4598,4587,4515,4502,4488,800,800,800,800,800,800,800,800,800,800,800,100,70,69,68,68,67,66,62,3937,3479
400,4689,4682,4640,4578,4574,4564,4551,4471,4462,4243,4212,800,800,800,800,800,99,70,69,68,68,68,67,62,3938,3478
