turbostat version 2023.11.07 - Len Brown <lenb@kernel.org>
Kernel command line: BOOT_IMAGE=/boot/vmlinuz-6.8.0-134-generic root=UUID=920a700e-e8a4-46ca-8cc1-2f3ac08a7f46 ro quiet splash
CPUID(0): GenuineIntel 0x16 CPUID levels
CPUID(1): family:model:stepping 0x6:a5:2 (6:165:2) microcode 0x100
CPUID(0x80000000): max_extended_levels: 0x80000008
CPUID(1): SSE3 MONITOR SMX EIST TM2 TSC MSR ACPI-TM HT TM
CPUID(6): APERF, TURBO, DTS, PTM, HWP, HWPnotify, HWPwindow, HWPepp, No-HWPpkg, EPB
cpu0: MSR_IA32_MISC_ENABLE: 0x00850089 (TCC EIST MWAIT PREFETCH TURBO)
CPUID(7): SGX No-Hybrid
cpu0: MSR_IA32_FEATURE_CONTROL: 0x00060005 (Locked SGX)
CPUID(0x15): eax_crystal: 2 ebx_tsc: 192 ecx_crystal_hz: 0
TSC: 2304 MHz (24000000 Hz * 192 / 2 / 1000000)
CPUID(0x16): base_mhz: 2300 max_mhz: 5100 bus_mhz: 100
cpu0: MSR_PLATFORM_INFO: 0x808083bf1011700
8 * 100.0 = 800.0 MHz max efficiency frequency
23 * 100.0 = 2300.0 MHz base frequency
cpu0: MSR_TURBO_RATIO_LIMIT: 0x2b2d2e2f30313233
43 * 100.0 = 4300.0 MHz max turbo 8 active cores
45 * 100.0 = 4500.0 MHz max turbo 7 active cores
46 * 100.0 = 4600.0 MHz max turbo 6 active cores
47 * 100.0 = 4700.0 MHz max turbo 5 active cores
48 * 100.0 = 4800.0 MHz max turbo 4 active cores
49 * 100.0 = 4900.0 MHz max turbo 3 active cores
50 * 100.0 = 5000.0 MHz max turbo 2 active cores
51 * 100.0 = 5100.0 MHz max turbo 1 active cores
cpu0: MSR_CONFIG_TDP_NOMINAL: 0x00000017 (base_ratio=23)
cpu0: MSR_CONFIG_TDP_LEVEL_1: 0x00130118 (PKG_MIN_PWR_LVL1=0 PKG_MAX_PWR_LVL1=0 LVL1_RATIO=19 PKG_TDP_LVL1=280)
cpu0: MSR_CONFIG_TDP_LEVEL_2: 0x00000000 ()
cpu0: MSR_CONFIG_TDP_CONTROL: 0x00000000 ( lock=0)
cpu0: MSR_TURBO_ACTIVATION_RATIO: 0x00000016 (MAX_NON_TURBO_RATIO=22 lock=0)
cpu0: cpufreq driver: intel_pstate
cpu0: cpufreq governor: performance
cpufreq intel_pstate no_turbo: 0
cpu0: MSR_MISC_PWR_MGMT: 0x00401cc0 (ENable-EIST_Coordination DISable-EPB DISable-OOB)
cpu0: MSR_PM_ENABLE: 0x00000001 (HWP)
cpu0: MSR_HWP_CAPABILITIES: 0x01091733 (high 51 guar 23 eff 9 low 1)
cpu0: MSR_HWP_REQUEST: 0x00003333 (min 51 max 51 des 0 epp 0x0 window 0x0 pkg 0x0)
cpu0: MSR_HWP_INTERRUPT: 0x00000001 (EN_Guaranteed_Perf_Change, Dis_Excursion_Min)
cpu0: MSR_HWP_STATUS: 0x00000004 (No-Guaranteed_Perf_Change, Excursion_Min)
cpu0: EPB: 0 (performance)
cpu0: MSR_IA32_POWER_CTL: 0x0024005f (C1E auto-promotion: ENabled)
cpu0: MSR_PKG_CST_CONFIG_CONTROL: 0x1e008008 (UNdemote-C3, UNdemote-C1, demote-C3, demote-C1, locked, pkg-cstate-limit=8 (unlimited))
/dev/cpu_dma_latency: 2000000000 usec (default)
current_driver: intel_idle
current_governor: menu
current_governor_ro: menu
cpu0: POLL: CPUIDLE CORE POLL IDLE
cpu0: C1ACPI: ACPI FFH MWAIT 0x0
cpu0: C2ACPI: ACPI FFH MWAIT 0x33
cpu0: C3ACPI: ACPI FFH MWAIT 0x60
cpu0: MSR_PKGC3_IRTL: 0x0000884e (valid, 79872 ns)
cpu0: MSR_PKGC6_IRTL: 0x00008876 (valid, 120832 ns)
cpu0: MSR_PKGC7_IRTL: 0x00008894 (valid, 151552 ns)
cpu0: MSR_PKGC8_IRTL: 0x000088fa (valid, 256000 ns)
cpu0: MSR_PKGC9_IRTL: 0x0000894c (valid, 339968 ns)
cpu0: MSR_PKGC10_IRTL: 0x00008bf2 (valid, 1034240 ns)
Uncore Frequency package0 die0: 800 - 4300 MHz (800 - 4300 MHz) 4300 MHz
RAPL: 5825 sec. Joule Counter Range, at 45 Watts
cpu0: MSR_RAPL_POWER_UNIT: 0x000a0e03 (0.125000 Watts, 0.000061 Joules, 0.000977 sec.)
cpu0: MSR_PKG_POWER_INFO: 0x00000168 (45 W TDP, RAPL 0 - 0 W, 0.000000 sec.)
cpu0: MSR_PKG_POWER_LIMIT: 0x42843800df82d0 (UNlocked)
cpu0: PKG Limit #1: ENabled (90.000 Watts, 56.000000 sec, clamp ENabled)
cpu0: PKG Limit #2: ENabled (135.000 Watts, 0.002441* sec, clamp DISabled)
cpu0: MSR_VR_CURRENT_CONFIG: 0x00000640
cpu0: PKG Limit #4: 200.000000 Watts (UNlocked)
cpu0: MSR_DRAM_POWER_LIMIT: 0x5400de00000000 (UNlocked)
cpu0: DRAM Limit: DISabled (0.000 Watts, 0.000977 sec, clamp DISabled)
cpu0: MSR_PP0_POLICY: 0
cpu0: MSR_PP0_POWER_LIMIT: 0x00000000 (UNlocked)
cpu0: Cores Limit: DISabled (0.000 Watts, 0.000977 sec, clamp DISabled)
cpu0: MSR_PP1_POLICY: 0
cpu0: MSR_PP1_POWER_LIMIT: 0x00000000 (UNlocked)
cpu0: GFX Limit: DISabled (0.000 Watts, 0.000977 sec, clamp DISabled)
cpu0: MSR_IA32_TEMPERATURE_TARGET: 0x00640000 (100 C) (100 default - 0 offset)
cpu0: MSR_IA32_PACKAGE_THERM_STATUS: 0x881d0800 (71 C)
cpu0: MSR_IA32_PACKAGE_THERM_INTERRUPT: 0x00000003 (100 C, 100 C)
cpu0: MSR_MISC_FEATURE_CONTROL: 0x00000000 (L2-Prefetch L2-Prefetch-pair L1-Prefetch L1-IP-Prefetch)
Avg_MHz	Busy%	Bzy_MHz	TSC_MHz	IPC	IRQ	SMI	POLL	C1ACPI	C2ACPI	C3ACPI	POLL%	C1ACPI%	C2ACPI%	C3ACPI%	CPU%c1	CPU%c3	CPU%c6	CPU%c7	CoreTmp	CoreThr	PkgTmp	Totl%C0	Any%C0	GFX%C0	CPUGFX%	Pkg%pc2	Pkg%pc3	Pkg%pc6	Pkg%pc7	Pkg%pc8	Pkg%pc9	Pk%pc10	CPU%LPI	SYS%LPI	PkgWatt	CorWatt	GFXWatt	RAMWatt	PKG_%	RAM_%	UncMHz
295	6.28	4700	2306	1.29	1193	0	0	16	62	214	0.00	0.02	0.36	93.39	6.42	0.00	0.00	87.30	99	141	99	100.90	100.13	0.00	0.00	0.00	0.00	0.00	0.00	0.00	0.00	0.00	0.00	0.00	22.96	18.58	0.00	1.23	0.00	0.00	4300
295	6.29	4698	2304	1.29	1661	0	0	35	128	602	0.00	0.05	0.76	92.87	6.61	0.00	0.00	87.10	100	153	99	100.92	99.90	0.00	0.00	0.00	0.00	0.00	0.00	0.00	0.00	0.00	0.00	0.00	21.86	17.48	0.00	1.22	0.00	0.00	4300
295	6.29	4694	2304	1.28	2232	0	0	17	10	1180	0.00	0.02	0.07	93.60	6.68	0.00	0.00	87.03	100	187	99	100.84	99.73	0.00	0.00	0.00	0.00	0.00	0.00	0.00	0.00	0.00	0.00	0.00	21.27	16.89	0.00	1.22	0.00	0.00	4300
298	6.36	4681	2304	1.26	4762	0	0	29	54	3504	0.00	0.02	0.34	93.20	7.49	0.00	0.00	86.16	100	299	99	101.94	98.72	0.00	0.00	0.00	0.00	0.00	0.00	0.00	0.00	0.00	0.00	0.00	23.01	18.71	0.00	1.22	0.00	0.00	4300
302	6.47	4672	2304	1.25	6474	0	0	162	333	4734	0.00	0.18	1.77	91.45	8.55	0.00	0.00	84.98	100	453	99	103.80	98.00	0.00	0.00	0.00	0.00	0.00	0.00	0.00	0.00	0.00	0.00	0.00	22.92	18.42	0.00	1.23	0.00	0.00	4300
300	6.42	4671	2304	1.24	6717	0	0	31	114	5265	0.00	0.04	0.82	92.61	8.13	0.00	0.00	85.45	100	625	100	102.85	97.96	0.00	0.00	0.00	0.00	0.00	0.00	0.00	0.00	0.00	0.00	0.00	23.49	19.11	0.00	1.22	0.00	0.00	4300
300	6.43	4666	2304	1.23	7580	0	0	28	95	6101	0.00	0.03	0.57	92.83	8.37	0.00	0.00	85.20	100	825	100	103.05	97.61	0.00	0.00	0.00	0.00	0.00	0.00	0.00	0.00	0.00	0.00	0.00	21.29	16.91	0.00	1.22	0.00	0.00	4300
297	6.35	4681	2304	1.26	4668	0	1	30	68	3364	0.00	0.03	0.64	92.90	7.46	0.00	0.00	86.19	100	934	100	101.83	98.76	0.00	0.00	0.00	0.00	0.00	0.00	0.00	0.00	0.00	0.00	0.00	24.46	20.08	0.00	1.22	0.00	0.00	4300
297	6.36	4670	2304	1.26	4879	0	0	33	108	3557	0.00	0.02	0.73	92.80	7.52	0.00	0.00	86.12	100	1050	100	101.92	98.67	0.00	0.00	0.00	0.00	0.00	0.00	0.00	0.00	0.00	0.00	0.00	23.05	18.64	0.00	1.22	0.00	0.00	4300
300	6.39	4687	2304	1.28	3458	0	3	198	176	2041	0.00	0.17	1.04	92.33	7.43	0.00	0.00	86.18	100	1114	100	102.57	99.16	0.00	0.00	0.00	0.00	0.00	0.00	0.00	0.00	0.00	0.00	0.00	23.39	18.98	0.00	1.23	0.00	0.00	4300
295	6.30	4687	2304	1.28	2937	0	1	64	204	1611	0.00	0.07	1.30	92.28	6.96	0.00	0.00	86.74	100	1165	100	101.08	99.40	0.00	0.00	0.00	0.00	0.00	0.00	0.00	0.00	0.00	0.00	0.00	24.46	20.05	0.00	1.22	0.00	0.00	4300
295	6.30	4682	2302	1.28	2765	0	0	12	33	1679	0.00	0.01	0.22	93.33	6.88	0.00	0.00	86.82	100	1215	100	101.02	99.38	0.00	0.00	0.00	0.00	0.00	0.00	0.00	0.00	0.00	0.00	0.00	23.14	18.76	0.00	1.22	0.00	0.00	4300
294	6.28	4685	2306	1.28	2471	0	0	18	59	1364	0.00	0.04	0.31	93.41	6.82	0.00	0.00	86.90	100	1255	100	100.88	99.52	0.00	0.00	0.00	0.00	0.00	0.00	0.00	0.00	0.00	0.00	0.00	23.59	19.20	0.00	1.22	0.00	0.00	4300
295	6.29	4683	2304	1.28	2549	0	0	12	37	1464	0.00	0.02	0.24	93.41	6.81	0.00	0.00	86.90	100	1299	100	100.90	99.47	0.00	0.00	0.00	0.00	0.00	0.00	0.00	0.00	0.00	0.00	0.00	23.17	18.78	0.00	1.22	0.00	0.00	4300
297	6.36	4672	2304	1.28	3128	0	0	151	204	1786	0.00	0.10	1.04	92.42	7.40	0.00	0.00	86.23	100	1353	99	102.20	99.15	0.00	0.00	0.00	0.00	0.00	0.00	0.00	0.00	0.00	0.00	0.00	22.44	18.05	0.00	1.23	0.00	0.00	4300
294	6.28	4678	2304	1.28	2241	0	0	14	41	1154	0.00	0.02	0.23	93.43	6.72	0.00	0.00	87.01	100	1386	100	100.76	99.58	0.00	0.00	0.00	0.00	0.00	0.00	0.00	0.00	0.00	0.00	0.00	21.35	16.94	0.00	1.22	0.00	0.00	4300
294	6.30	4672	2304	1.28	3519	0	0	46	269	1679	0.00	0.04	1.60	91.99	7.03	0.00	0.00	86.67	100	1434	100	101.10	99.24	0.00	0.00	0.00	0.00	0.00	0.00	0.00	0.00	0.00	0.00	0.00	22.60	18.20	0.00	1.22	0.00	0.00	4300
294	6.29	4676	2303	1.28	2693	0	0	9	21	1616	0.00	0.01	0.19	93.40	6.86	0.00	0.00	86.85	100	1483	100	100.91	99.35	0.00	0.00	0.00	0.00	0.00	0.00	0.00	0.00	0.00	0.00	0.00	22.57	18.18	0.00	1.22	0.00	0.00	4300
294	6.29	4673	2303	1.28	2705	0	0	11	23	1633	0.00	0.02	0.14	93.45	6.87	0.00	0.00	86.85	100	1532	100	100.87	99.36	0.00	0.00	0.00	0.00	0.00	0.00	0.00	0.00	0.00	0.00	0.00	22.51	18.13	0.00	1.22	0.00	0.00	4300
297	6.37	4672	2303	1.28	3202	0	5	151	217	1789	0.00	0.09	1.20	92.20	7.55	0.00	0.00	86.09	100	1587	100	102.27	99.14	0.00	0.00	0.00	0.00	0.00	0.00	0.00	0.00	0.00	0.00	0.00	23.28	18.90	0.00	1.23	0.00	0.00	4300
294	6.30	4669	2303	1.28	3049	0	0	13	42	1930	0.00	0.02	0.28	93.29	7.00	0.00	0.00	86.71	100	1646	100	101.03	99.23	0.00	0.00	0.00	0.00	0.00	0.00	0.00	0.00	0.00	0.00	0.00	23.73	19.34	0.00	1.22	0.00	0.00	4300
294	6.29	4672	2303	1.28	2737	0	1	14	54	1629	0.00	0.02	0.32	93.26	6.88	0.00	0.00	86.82	100	1695	100	100.97	99.36	0.00	0.00	0.00	0.00	0.00	0.00	0.00	0.00	0.00	0.00	0.00	22.40	18.00	0.00	1.22	0.00	0.00	4300
294	6.29	4674	2303	1.28	2874	0	3	67	148	1618	0.00	0.19	0.78	92.63	7.09	0.00	0.00	86.62	100	1745	100	100.94	99.31	0.00	0.00	0.00	0.00	0.00	0.00	0.00	0.00	0.00	0.00	0.00	22.04	17.63	0.00	1.22	0.00	0.00	4300
294	6.29	4676	2303	1.28	2759	0	0	11	37	1670	0.00	0.02	0.22	93.36	6.90	0.00	0.00	86.80	100	1795	100	100.98	99.37	0.00	0.00	0.00	0.00	0.00	0.00	0.00	0.00	0.00	0.00	0.00	22.75	18.37	0.00	1.22	0.00	0.00	4300
299	6.41	4670	2303	1.27	3377	0	0	248	180	2006	0.00	0.26	0.89	92.30	7.98	0.00	0.00	85.61	100	1855	100	102.91	99.01	0.00	0.00	0.00	0.00	0.00	0.00	0.00	0.00	0.00	0.00	0.00	24.36	19.98	0.00	1.23	0.00	0.00	4300
295	6.30	4681	2303	1.28	2805	0	0	19	132	1623	0.00	0.03	0.66	92.90	6.95	0.00	0.00	86.75	100	1904	100	101.14	99.34	0.00	0.00	0.00	0.00	0.00	0.00	0.00	0.00	0.00	0.00	0.00	21.64	17.26	0.00	1.22	0.00	0.00	4300
294	6.28	4682	2303	1.28	2267	0	0	5	33	1227	0.00	0.00	0.20	93.42	6.70	0.00	0.00	87.02	100	1940	99	100.71	99.55	0.00	0.00	0.00	0.00	0.00	0.00	0.00	0.00	0.00	0.00	0.00	21.18	16.80	0.00	1.22	0.00	0.00	4300
294	6.29	4682	2303	1.28	2474	0	8	8	40	1373	0.00	0.01	0.29	93.32	6.77	0.00	0.00	86.94	100	1981	100	100.90	99.51	0.00	0.00	0.00	0.00	0.00	0.00	0.00	0.00	0.00	0.00	0.00	23.05	18.66	0.00	1.22	0.00	0.00	4300
294	6.28	4685	2303	1.28	2591	0	0	34	184	1359	0.00	0.10	1.03	92.49	6.94	0.00	0.00	86.77	100	2021	100	100.88	99.44	0.00	0.00	0.00	0.00	0.00	0.00	0.00	0.00	0.00	0.00	0.00	22.26	17.86	0.00	1.22	0.00	0.00	4300
298	6.37	4684	2303	1.28	3032	0	0	221	122	1702	0.00	0.14	0.74	92.64	7.47	0.00	0.00	86.16	100	2071	100	102.32	99.30	0.00	0.00	0.00	0.00	0.00	0.00	0.00	0.00	0.00	0.00	0.00	23.56	19.16	0.00	1.23	0.00	0.00	4300
294	6.29	4687	2302	1.28	2437	0	0	5	8	1392	0.00	0.01	0.05	93.54	6.74	0.00	0.00	86.97	100	2112	100	100.82	99.53	0.00	0.00	0.00	0.00	0.00	0.00	0.00	0.00	0.00	0.00	0.00	23.07	18.70	0.00	1.22	0.00	0.00	4300
295	6.29	4692	2304	1.28	2369	0	1	12	35	1294	0.00	0.02	0.23	93.41	6.74	0.00	0.00	86.97	100	2150	100	100.95	99.65	0.00	0.00	0.00	0.00	0.00	0.00	0.00	0.00	0.00	0.00	0.00	22.54	18.41	0.00	1.22	0.00	0.00	4300
296	6.32	4686	2303	1.27	3475	0	1	4	88	2301	0.00	0.01	0.44	93.13	7.08	0.00	0.00	86.61	100	2222	100	101.33	99.18	0.00	0.00	0.00	0.00	0.00	0.00	0.00	0.00	0.00	0.00	0.00	23.91	19.35	0.00	1.22	0.00	0.00	4300
296	6.31	4690	2303	1.28	2933	0	0	13	28	1848	0.00	0.02	0.18	93.40	6.93	0.00	0.00	86.75	100	2278	100	101.29	99.43	0.00	0.00	0.00	0.00	0.00	0.00	0.00	0.00	0.00	0.00	0.00	22.14	17.86	0.00	1.22	0.00	0.00	4300
298	6.36	4686	2303	1.29	2739	0	0	159	166	1445	0.00	0.09	0.97	92.48	7.23	0.00	0.00	86.41	100	2319	100	102.08	99.35	0.00	0.00	0.00	0.00	0.00	0.00	0.00	0.00	0.00	0.00	0.00	23.65	19.07	0.00	1.23	0.00	0.00	4300
296	6.31	4689	2303	1.28	2919	0	0	9	26	1830	0.00	0.02	0.14	93.45	6.91	0.00	0.00	86.78	100	2374	100	101.17	99.42	0.00	0.00	0.00	0.00	0.00	0.00	0.00	0.00	0.00	0.00	0.00	22.85	18.63	0.00	1.22	0.00	0.00	4300
295	6.29	4690	2303	1.28	2683	0	0	12	65	1590	0.00	0.02	0.38	93.21	6.86	0.00	0.00	86.85	100	2421	99	101.01	99.48	0.00	0.00	0.00	0.00	0.00	0.00	0.00	0.00	0.00	0.00	0.00	23.13	18.83	0.00	1.22	0.00	0.00	4300
295	6.30	4691	2302	1.28	2587	0	0	5	20	1527	0.00	0.01	0.13	93.42	6.80	0.00	0.00	86.90	100	2466	100	101.00	99.54	0.00	0.00	0.00	0.00	0.00	0.00	0.00	0.00	0.00	0.00	0.00	22.15	17.56	0.00	1.22	0.00	0.00	4300
295	6.27	4695	2305	1.29	1957	0	0	7	7	956	0.00	0.01	0.04	93.67	6.59	0.00	0.00	87.14	100	2492	100	100.72	99.82	0.00	0.00	0.00	0.00	0.00	0.00	0.00	0.00	0.00	0.00	0.00	22.73	18.35	0.00	1.22	0.00	0.00	4300
297	6.35	4684	2303	1.29	2758	0	6	155	147	1406	0.00	0.09	0.91	92.54	7.13	0.00	0.00	86.52	100	2534	100	102.09	99.33	0.00	0.00	0.00	0.00	0.00	0.00	0.00	0.00	0.00	0.00	0.00	22.63	18.24	0.00	1.23	0.00	0.00	4300
294	6.28	4683	2303	1.28	2512	0	0	9	71	1352	0.00	0.02	0.45	93.17	6.83	0.00	0.00	86.89	100	2575	100	100.88	99.49	0.00	0.00	0.00	0.00	0.00	0.00	0.00	0.00	0.00	0.00	0.00	21.28	16.89	0.00	1.22	0.00	0.00	4300
294	6.29	4683	2303	1.28	2613	0	0	9	27	1487	0.00	0.02	0.17	93.45	6.85	0.00	0.00	86.86	100	2621	100	101.02	99.48	0.00	0.00	0.00	0.00	0.00	0.00	0.00	0.00	0.00	0.00	0.00	21.87	17.50	0.00	1.22	0.00	0.00	4300
294	6.28	4688	2303	1.29	2132	0	5	8	17	1038	0.00	0.01	0.12	93.51	6.69	0.00	0.00	87.03	100	2652	100	100.95	99.67	0.00	0.00	0.00	0.00	0.00	0.00	0.00	0.00	0.00	0.00	0.00	22.70	18.32	0.00	1.22	0.00	0.00	4300
294	6.29	4685	2303	1.28	2657	0	1	6	25	1522	0.00	0.01	0.14	93.48	6.84	0.00	0.00	86.88	100	2699	100	101.01	99.47	0.00	0.00	0.00	0.00	0.00	0.00	0.00	0.00	0.00	0.00	0.00	21.78	17.41	0.00	1.22	0.00	0.00	4300
297	6.36	4682	2300	1.28	3020	0	0	164	178	1629	0.00	0.11	1.07	92.19	7.48	0.00	0.00	86.15	100	2749	100	102.20	99.22	0.00	0.00	0.00	0.00	0.00	0.00	0.00	0.00	0.00	0.00	0.00	23.34	18.98	0.00	1.22	0.00	0.00	4300
294	6.27	4686	2307	1.28	2428	0	0	8	14	1322	0.00	0.01	0.09	93.70	6.77	0.00	0.00	86.96	100	2790	100	100.89	99.55	0.00	0.00	0.00	0.00	0.00	0.00	0.00	0.00	0.00	0.00	0.00	21.08	16.68	0.00	1.23	0.00	0.00	4300
295	6.31	4684	2303	1.27	3583	0	0	41	317	2085	0.00	0.11	1.95	91.53	7.25	0.00	0.00	86.44	100	2858	100	101.34	99.13	0.00	0.00	0.00	0.00	0.00	0.00	0.00	0.00	0.00	0.00	0.00	23.91	19.51	0.00	1.22	0.00	0.00	4300
295	6.30	4687	2303	1.28	3024	0	5	8	24	1858	0.00	0.01	0.14	93.46	6.94	0.00	0.00	86.76	99	2916	99	101.20	99.38	0.00	0.00	0.00	0.00	0.00	0.00	0.00	0.00	0.00	0.00	0.00	23.15	18.78	0.00	1.22	0.00	0.00	4300
294	6.28	4691	2300	1.29	2166	0	0	12	35	1041	0.00	0.02	0.20	93.28	6.68	0.00	0.00	87.04	100	2948	100	100.74	99.67	0.00	0.00	0.00	0.00	0.00	0.00	0.00	0.00	0.00	0.00	0.00	20.86	16.50	0.00	1.22	0.00	0.00	4300
297	6.33	4690	2307	1.29	2423	0	0	153	130	1107	0.00	0.15	0.67	92.91	7.17	0.00	0.00	86.50	100	2981	100	101.98	99.52	0.00	0.00	0.00	0.00	0.00	0.00	0.00	0.00	0.00	0.00	0.00	22.71	18.33	0.00	1.23	0.00	0.00	4300
294	6.28	4689	2303	1.28	2579	0	0	3	13	1470	0.00	0.00	0.10	93.53	6.79	0.00	0.00	86.93	100	3027	99	100.92	99.52	0.00	0.00	0.00	0.00	0.00	0.00	0.00	0.00	0.00	0.00	0.00	22.01	17.64	0.00	1.22	0.00	0.00	4300
296	6.32	4687	2303	1.27	3554	0	13	21	66	2277	0.00	0.02	0.47	93.10	7.11	0.00	0.00	86.57	100	3101	100	101.47	99.22	0.00	0.00	0.00	0.00	0.00	0.00	0.00	0.00	0.00	0.00	0.00	21.71	17.31	0.00	1.22	0.00	0.00	4300
300	6.44	4662	2303	1.26	5142	0	1	422	238	3602	0.00	0.34	1.20	91.89	8.66	0.00	0.00	84.90	100	3218	100	103.18	98.56	0.00	0.00	0.00	0.00	0.00	0.00	0.00	0.00	0.00	0.00	0.00	23.53	19.14	0.00	1.23	0.00	0.00	4300
297	6.38	4680	2295	1.26	4974	0	0	30	46	3653	0.00	0.04	0.26	92.88	7.60	0.00	0.00	86.02	100	3337	100	102.01	98.61	0.00	0.00	0.00	0.00	0.00	0.00	0.00	0.00	0.00	0.00	0.00	22.87	18.52	0.00	1.22	0.00	0.00	4300
304	6.49	4675	2306	1.25	6025	0	1	230	252	4425	0.00	0.15	1.54	91.77	8.40	0.00	0.00	85.12	100	3479	100	104.16	98.14	0.00	0.00	0.00	0.00	0.00	0.00	0.00	0.00	0.00	0.00	0.00	21.91	17.53	0.00	1.23	0.00	0.00	4300
297	6.33	4685	2308	1.27	4041	0	0	6	49	2854	0.00	0.01	0.32	93.45	7.23	0.00	0.00	86.45	100	3569	100	101.69	99.05	0.00	0.00	0.00	0.00	0.00	0.00	0.00	0.00	0.00	0.00	0.00	23.23	18.86	0.00	1.23	0.00	0.00	4300
300	6.42	4667	2303	1.24	7341	0	0	47	116	5837	0.00	0.10	0.73	92.58	8.40	0.00	0.00	85.18	100	3761	100	102.94	97.69	0.00	0.00	0.00	0.00	0.00	0.00	0.00	0.00	0.00	0.00	0.00	21.47	17.10	0.00	1.22	0.00	0.00	4300
298	6.40	4662	2303	1.24	6408	0	4	33	78	5015	0.00	0.04	0.48	92.92	8.03	0.00	0.00	85.56	100	3925	99	102.62	98.06	0.00	0.00	0.00	0.00	0.00	0.00	0.00	0.00	0.00	0.00	0.00	23.62	19.22	0.00	1.22	0.00	0.00	4300
298	6.40	4661	2303	1.24	6693	0	0	19	309	5074	0.00	0.03	1.95	91.46	8.13	0.00	0.00	85.47	99	4091	99	102.70	97.94	0.00	0.00	0.00	0.00	0.00	0.00	0.00	0.00	0.00	0.00	0.00	25.04	20.64	0.00	1.22	0.00	0.00	4300
302	6.48	4660	2303	1.25	6720	0	2	202	266	5035	0.00	0.22	1.43	91.70	8.78	0.00	0.00	84.74	100	4257	99	103.86	97.87	0.00	0.00	0.00	0.00	0.00	0.00	0.00	0.00	0.00	0.00	0.00	22.44	18.07	0.00	1.23	0.00	0.00	4300
299	6.41	4669	2303	1.24	6879	0	0	34	97	5429	0.00	0.05	0.75	92.63	8.20	0.00	0.00	85.39	100	4435	99	102.78	97.88	0.00	0.00	0.00	0.00	0.00	0.00	0.00	0.00	0.00	0.00	0.00	25.72	21.36	0.00	1.22	0.00	0.00	4300
301	6.45	4664	2303	1.23	7909	0	9	61	104	6359	0.00	0.05	0.59	92.73	8.51	0.00	0.00	85.04	100	4645	99	103.25	97.48	0.00	0.00	0.00	0.00	0.00	0.00	0.00	0.00	0.00	0.00	0.00	23.15	18.78	0.00	1.22	0.00	0.00	4300
300	6.42	4668	2303	1.24	7185	0	0	21	107	5715	0.00	0.04	0.61	92.77	8.27	0.00	0.00	85.31	100	4833	99	102.89	97.76	0.00	0.00	0.00	0.00	0.00	0.00	0.00	0.00	0.00	0.00	0.00	22.49	18.12	0.00	1.22	0.00	0.00	4300
299	6.39	4675	2303	1.25	5930	0	0	30	131	4513	0.00	0.06	0.94	92.48	7.93	0.00	0.00	85.68	100	4980	100	102.46	98.27	0.00	0.00	0.00	0.00	0.00	0.00	0.00	0.00	0.00	0.00	0.00	22.13	17.72	0.00	1.22	0.00	0.00	4300
302	6.46	4673	2303	1.25	6258	0	2	230	243	4604	0.00	0.23	1.59	91.55	8.50	0.00	0.00	85.03	100	5130	99	103.64	98.09	0.00	0.00	0.00	0.00	0.00	0.00	0.00	0.00	0.00	0.00	0.00	23.64	19.26	0.00	1.23	0.00	0.00	4300
300	6.43	4667	2303	1.24	7468	0	4	51	96	5952	0.00	0.04	0.79	92.57	8.35	0.00	0.00	85.22	100	5326	100	103.06	97.67	0.00	0.00	0.00	0.00	0.00	0.00	0.00	0.00	0.00	0.00	0.00	24.00	19.64	0.00	1.22	0.00	0.00	4300
300	6.43	4666	2303	1.23	7506	0	0	26	137	6009	0.00	0.04	0.82	92.53	8.40	0.00	0.00	85.17	100	5524	99	103.07	97.61	0.00	0.00	0.00	0.00	0.00	0.00	0.00	0.00	0.00	0.00	0.00	22.27	17.90	0.00	1.22	0.00	0.00	4300
300	6.42	4669	2303	1.24	7075	0	0	28	90	5627	0.00	0.05	0.49	92.88	8.27	0.00	0.00	85.31	100	5708	99	102.90	97.80	0.00	0.00	0.00	0.00	0.00	0.00	0.00	0.00	0.00	0.00	0.00	24.11	19.74	0.00	1.22	0.00	0.00	4300
299	6.41	4660	2303	1.24	6971	0	0	48	106	5499	0.00	0.07	0.76	92.60	8.26	0.00	0.00	85.32	100	5888	100	102.77	97.83	0.00	0.00	0.00	0.00	0.00	0.00	0.00	0.00	0.00	0.00	0.00	22.24	17.88	0.00	1.22	0.00	0.00	4300
303	6.49	4666	2304	1.24	7317	0	2	240	275	5539	0.00	0.16	1.77	91.39	8.99	0.00	0.00	84.52	100	6070	100	104.10	97.69	0.00	0.00	0.00	0.00	0.00	0.00	0.00	0.00	0.00	0.00	0.00	24.14	19.73	0.00	1.23	0.00	0.00	4300
298	6.39	4663	2303	1.25	6404	0	0	27	477	4655	0.00	0.05	2.74	90.67	8.08	0.00	0.00	85.53	100	6223	99	102.57	98.07	0.00	0.00	0.00	0.00	0.00	0.00	0.00	0.00	0.00	0.00	0.00	23.16	18.80	0.00	1.22	0.00	0.00	4300
298	6.38	4677	2303	1.25	5475	0	0	19	106	4131	0.00	0.03	0.65	92.82	7.73	0.00	0.00	85.89	99	6355	99	102.30	98.46	0.00	0.00	0.00	0.00	0.00	0.00	0.00	0.00	0.00	0.00	0.00	25.07	20.69	0.00	1.22	0.00	0.00	4300
298	6.38	4667	2303	1.25	5401	0	0	61	112	4056	0.00	0.11	0.61	92.77	7.88	0.00	0.00	85.74	100	6486	99	102.39	98.45	0.00	0.00	0.00	0.00	0.00	0.00	0.00	0.00	0.00	0.00	0.00	23.81	19.40	0.00	1.23	0.00	0.00	4300
298	6.37	4672	2304	1.26	4565	0	0	65	43	3297	0.00	0.05	0.26	93.20	7.49	0.00	0.00	86.14	100	6591	100	102.09	98.79	0.00	0.00	0.00	0.00	0.00	0.00	0.00	0.00	0.00	0.00	0.00	21.87	17.51	0.00	1.22	0.00	0.00	4300
294	6.36	4626	2300	1.29	2524	0	1	132	197	1226	0.00	0.10	1.16	92.16	7.35	0.00	0.00	86.29	100	6594	100	102.04	99.31	0.00	0.00	0.00	0.00	0.00	0.00	0.00	0.00	0.00	0.00	0.00	20.94	16.59	0.00	1.22	0.00	0.00	4300
289	6.27	4606	2307	1.29	2108	0	0	7	45	1042	0.00	0.01	0.46	93.33	6.72	0.00	0.00	87.01	100	6594	100	101.12	99.85	0.00	0.00	0.00	0.00	0.00	0.00	0.00	0.00	0.00	0.00	0.00	22.09	17.68	0.00	1.23	0.00	0.00	4300
289	6.28	4604	2304	1.28	2281	0	0	11	35	1216	0.00	0.02	0.24	93.40	6.80	0.00	0.00	86.92	100	6594	100	100.97	99.61	0.00	0.00	0.00	0.00	0.00	0.00	0.00	0.00	0.00	0.00	0.00	21.38	17.02	0.00	1.22	0.00	0.00	4300
288	6.27	4602	2304	1.29	1660	0	0	2	8	671	0.00	0.00	0.06	93.62	6.55	0.00	0.00	87.18	100	6594	100	100.79	99.90	0.00	0.00	0.00	0.00	0.00	0.00	0.00	0.00	0.00	0.00	0.00	21.52	17.15	0.00	1.22	0.00	0.00	4300
292	6.35	4600	2304	1.29	2014	0	0	134	73	865	0.00	0.09	0.39	93.11	6.91	0.00	0.00	86.74	100	6594	100	102.08	99.80	0.00	0.00	0.00	0.00	0.00	0.00	0.00	0.00	0.00	0.00	0.00	20.69	16.29	0.00	1.23	0.00	0.00	4300
289	6.28	4598	2304	1.28	2212	0	0	17	200	1001	0.00	0.03	1.25	92.38	6.86	0.00	0.00	86.86	100	6594	100	101.12	99.69	0.00	0.00	0.00	0.00	0.00	0.00	0.00	0.00	0.00	0.00	0.00	22.93	18.57	0.00	1.22	0.00	0.00	4300
290	6.31	4601	2300	1.29	1970	0	0	19	32	962	0.00	0.02	0.21	93.25	6.73	0.00	0.00	86.96	99	6594	99	101.12	99.59	0.00	0.00	0.00	0.00	0.00	0.00	0.00	0.00	0.00	0.00	0.00	21.99	17.63	0.00	1.22	0.00	0.00	4300
289	6.28	4604	2301	1.29	1832	0	0	6	13	802	0.00	0.01	0.07	93.46	6.63	0.00	0.00	87.08	100	6594	100	100.77	99.71	0.00	0.00	0.00	0.00	0.00	0.00	0.00	0.00	0.00	0.00	0.00	20.62	16.25	0.00	1.22	0.00	0.00	4300
288	6.26	4592	2310	1.28	2400	0	0	58	156	1169	0.00	0.11	0.83	93.00	6.92	0.00	0.00	86.82	100	6594	100	101.22	99.79	0.00	0.00	0.00	0.00	0.00	0.00	0.00	0.00	0.00	0.00	0.00	20.55	16.16	0.00	1.23	0.00	0.00	4300
295	6.42	4587	2303	1.29	2345	0	0	174	165	1008	0.00	0.14	0.95	92.42	7.21	0.00	0.00	86.37	100	6594	99	103.10	99.65	0.00	0.00	0.00	0.00	0.00	0.00	0.00	0.00	0.00	0.00	0.00	23.19	18.83	0.00	1.23	0.00	0.00	4300
291	6.33	4590	2304	1.28	2322	0	0	84	107	1190	0.00	0.08	0.49	93.04	6.96	0.00	0.00	86.71	100	6594	100	101.85	99.63	0.00	0.00	0.00	0.00	0.00	0.00	0.00	0.00	0.00	0.00	0.00	21.20	16.76	0.00	1.23	0.00	0.00	4300
289	6.28	4596	2304	1.29	1747	0	0	15	106	668	0.00	0.03	0.57	93.07	6.67	0.00	0.00	87.05	100	6594	100	101.00	99.85	0.00	0.00	0.00	0.00	0.00	0.00	0.00	0.00	0.00	0.00	0.00	20.52	16.15	0.00	1.22	0.00	0.00	4200
288	6.27	4596	2304	1.29	1825	0	0	5	26	806	0.00	0.01	0.17	93.51	6.63	0.00	0.00	87.11	100	6594	100	100.78	99.79	0.00	0.00	0.00	0.00	0.00	0.00	0.00	0.00	0.00	0.00	0.00	20.00	15.63	0.00	1.22	0.00	0.00	4300
288	6.27	4595	2304	1.29	1801	0	0	8	21	780	0.00	0.02	0.13	93.53	6.62	0.00	0.00	87.11	100	6594	100	100.83	99.83	0.00	0.00	0.00	0.00	0.00	0.00	0.00	0.00	0.00	0.00	0.00	19.27	14.88	0.00	1.22	0.00	0.00	4300
292	6.36	4593	2304	1.29	2302	0	0	232	117	1002	0.00	0.14	0.73	92.71	7.14	0.00	0.00	86.50	100	6594	100	102.27	99.65	0.00	0.00	0.00	0.00	0.00	0.00	0.00	0.00	0.00	0.00	0.00	20.76	16.39	0.00	1.23	0.00	0.00	4300
288	6.27	4597	2304	1.29	1528	0	0	5	7	540	0.00	0.01	0.04	93.65	6.52	0.00	0.00	87.21	100	6594	100	100.75	99.95	0.00	0.00	0.00	0.00	0.00	0.00	0.00	0.00	0.00	0.00	0.00	19.23	14.86	0.00	1.22	0.00	0.00	4300
288	6.26	4599	2304	1.29	1632	0	0	6	12	643	0.00	0.01	0.06	93.62	6.56	0.00	0.00	87.18	100	6594	100	100.73	99.90	0.00	0.00	0.00	0.00	0.00	0.00	0.00	0.00	0.00	0.00	0.00	18.86	14.47	0.00	1.22	0.00	0.00	4300
289	6.27	4601	2304	1.29	1672	0	0	7	40	652	0.00	0.01	0.26	93.42	6.58	0.00	0.00	87.15	100	6594	100	100.87	99.92	0.00	0.00	0.00	0.00	0.00	0.00	0.00	0.00	0.00	0.00	0.00	20.24	15.87	0.00	1.22	0.00	0.00	4300
288	6.27	4602	2304	1.29	1682	0	0	9	31	666	0.00	0.02	0.22	93.45	6.58	0.00	0.00	87.15	100	6594	100	100.77	99.91	0.00	0.00	0.00	0.00	0.00	0.00	0.00	0.00	0.00	0.00	0.00	20.39	16.02	0.00	1.22	0.00	0.00	4300
292	6.35	4601	2304	1.29	1995	0	0	148	120	817	0.00	0.10	0.69	92.80	7.07	0.00	0.00	86.58	100	6594	100	102.20	99.78	0.00	0.00	0.00	0.00	0.00	0.00	0.00	0.00	0.00	0.00	0.00	21.53	17.14	0.00	1.23	0.00	0.00	4300
289	6.27	4603	2304	1.29	1972	0	0	39	120	817	0.00	0.07	0.68	92.94	6.71	0.00	0.00	87.02	100	6594	100	100.85	99.77	0.00	0.00	0.00	0.00	0.00	0.00	0.00	0.00	0.00	0.00	0.00	21.49	17.12	0.00	1.22	0.00	0.00	4300
290	6.30	4611	2301	1.28	2639	0	0	12	22	1568	0.00	0.01	0.16	93.33	6.93	0.00	0.00	86.76	100	6594	100	101.11	99.30	0.00	0.00	0.00	0.00	0.00	0.00	0.00	0.00	0.00	0.00	0.00	20.95	16.60	0.00	1.22	0.00	0.00	4300
290	6.28	4612	2307	1.28	2635	0	1	12	44	1537	0.00	0.01	0.36	93.40	6.89	0.00	0.00	86.83	100	6594	100	101.24	99.59	0.00	0.00	0.00	0.00	0.00	0.00	0.00	0.00	0.00	0.00	0.00	20.37	15.97	0.00	1.23	0.00	0.00	4300
290	6.29	4610	2304	1.28	2495	0	0	3	24	1434	0.00	0.01	0.19	93.45	6.84	0.00	0.00	86.87	100	6594	100	101.07	99.50	0.00	0.00	0.00	0.00	0.00	0.00	0.00	0.00	0.00	0.00	0.00	20.62	16.26	0.00	1.22	0.00	0.00	4300
293	6.36	4611	2304	1.28	2967	0	0	160	190	1634	0.00	0.14	1.10	92.32	7.53	0.00	0.00	86.11	100	6594	100	102.36	99.27	0.00	0.00	0.00	0.00	0.00	0.00	0.00	0.00	0.00	0.00	0.00	22.09	17.72	0.00	1.23	0.00	0.00	4300
290	6.29	4611	2304	1.28	2640	0	0	5	32	1564	0.00	0.01	0.24	93.40	6.90	0.00	0.00	86.80	100	6594	100	101.18	99.46	0.00	0.00	0.00	0.00	0.00	0.00	0.00	0.00	0.00	0.00	0.00	21.37	16.98	0.00	1.22	0.00	0.00	4300
290	6.29	4610	2304	1.28	2693	0	0	14	25	1611	0.00	0.02	0.18	93.44	6.94	0.00	0.00	86.77	100	6594	100	101.13	99.43	0.00	0.00	0.00	0.00	0.00	0.00	0.00	0.00	0.00	0.00	0.00	22.08	17.72	0.00	1.22	0.00	0.00	4300
290	6.30	4611	2304	1.28	2802	0	0	8	23	1721	0.00	0.01	0.16	93.46	6.97	0.00	0.00	86.73	100	6594	100	101.23	99.36	0.00	0.00	0.00	0.00	0.00	0.00	0.00	0.00	0.00	0.00	0.00	21.25	16.88	0.00	1.22	0.00	0.00	4300
290	6.29	4614	2304	1.28	2634	0	0	9	30	1549	0.00	0.01	0.21	93.42	6.90	0.00	0.00	86.81	100	6594	100	101.09	99.45	0.00	0.00	0.00	0.00	0.00	0.00	0.00	0.00	0.00	0.00	0.00	20.77	16.39	0.00	1.22	0.00	0.00	4300
293	6.36	4610	2304	1.29	2716	0	0	144	186	1408	0.00	0.08	1.04	92.44	7.35	0.00	0.00	86.30	100	6594	100	102.37	99.40	0.00	0.00	0.00	0.00	0.00	0.00	0.00	0.00	0.00	0.00	0.00	20.62	16.26	0.00	1.23	0.00	0.00	4300
291	6.30	4614	2304	1.28	3170	0	0	8	97	1990	0.00	0.03	0.46	93.13	7.14	0.00	0.00	86.56	100	6594	100	101.30	99.18	0.00	0.00	0.00	0.00	0.00	0.00	0.00	0.00	0.00	0.00	0.00	22.03	17.66	0.00	1.22	0.00	0.00	4300
291	6.30	4615	2304	1.28	2866	0	0	7	21	1785	0.00	0.01	0.15	93.47	6.99	0.00	0.00	86.71	100	6594	100	101.22	99.33	0.00	0.00	0.00	0.00	0.00	0.00	0.00	0.00	0.00	0.00	0.00	21.32	16.93	0.00	1.22	0.00	0.00	4300
298	6.48	4600	2304	1.27	3211	0	1	412	293	1984	0.00	0.24	1.19	91.97	8.62	0.00	0.00	84.90	100	6594	100	103.90	99.12	0.00	0.00	0.00	0.00	0.00	0.00	0.00	0.00	0.00	0.00	0.00	22.57	18.20	0.00	1.23	0.00	0.00	4300
290	6.30	4612	2304	1.28	2789	0	0	14	28	1702	0.00	0.02	0.22	93.39	6.99	0.00	0.00	86.71	100	6594	100	101.25	99.38	0.00	0.00	0.00	0.00	0.00	0.00	0.00	0.00	0.00	0.00	0.00	20.88	16.49	0.00	1.22	0.00	0.00	4300
294	6.37	4613	2304	1.28	3170	0	0	280	228	1684	0.00	0.19	1.39	91.96	7.65	0.00	0.00	85.98	100	6594	100	102.53	99.23	0.00	0.00	0.00	0.00	0.00	0.00	0.00	0.00	0.00	0.00	0.00	21.07	16.68	0.00	1.23	0.00	0.00	4300
291	6.30	4614	2304	1.28	2928	0	0	11	14	1843	0.00	0.02	0.13	93.48	7.02	0.00	0.00	86.68	100	6594	100	101.25	99.30	0.00	0.00	0.00	0.00	0.00	0.00	0.00	0.00	0.00	0.00	0.00	20.34	15.98	0.00	1.22	0.00	0.00	4300
291	6.29	4618	2304	1.28	2981	0	0	10	15	1890	0.00	0.02	0.11	93.50	7.04	0.00	0.00	86.67	100	6594	100	101.17	99.26	0.00	0.00	0.00	0.00	0.00	0.00	0.00	0.00	0.00	0.00	0.00	21.76	17.40	0.00	1.22	0.00	0.00	4300
291	6.30	4615	2304	1.28	3153	0	3	13	51	1997	0.00	0.02	0.38	93.22	7.09	0.00	0.00	86.61	100	6594	100	101.33	99.20	0.00	0.00	0.00	0.00	0.00	0.00	0.00	0.00	0.00	0.00	0.00	22.33	17.94	0.00	1.22	0.00	0.00	4300
291	6.30	4617	2304	1.28	3027	0	0	6	55	1918	0.00	0.01	0.36	93.25	7.06	0.00	0.00	86.64	100	6594	100	101.32	99.27	0.00	0.00	0.00	0.00	0.00	0.00	0.00	0.00	0.00	0.00	0.00	21.14	16.78	0.00	1.22	0.00	0.00	4300
294	6.38	4611	2301	1.28	3192	0	0	151	180	1851	0.00	0.15	0.94	92.36	7.67	0.00	0.00	85.95	100	6594	100	102.45	99.11	0.00	0.00	0.00	0.00	0.00	0.00	0.00	0.00	0.00	0.00	0.00	23.01	18.65	0.00	1.22	0.00	0.00	4300
291	6.32	4606	2306	1.28	2488	0	0	42	30	1443	0.00	0.03	0.12	93.55	6.96	0.00	0.00	86.72	100	6594	100	101.83	99.58	0.00	0.00	0.00	0.00	0.00	0.00	0.00	0.00	0.00	0.00	0.00	22.33	17.93	0.00	1.23	0.00	0.00	4300
290	6.28	4608	2304	1.28	2321	0	0	5	12	1282	0.00	0.01	0.07	93.58	6.79	0.00	0.00	86.92	100	6594	100	101.04	99.59	0.00	0.00	0.00	0.00	0.00	0.00	0.00	0.00	0.00	0.00	0.00	20.43	16.07	0.00	1.22	0.00	0.00	4300
290	6.29	4612	2304	1.28	2674	0	0	4	45	1584	0.00	0.01	0.29	93.34	6.92	0.00	0.00	86.79	99	6594	99	101.10	99.43	0.00	0.00	0.00	0.00	0.00	0.00	0.00	0.00	0.00	0.00	0.00	22.14	17.78	0.00	1.22	0.00	0.00	4300
290	6.29	4611	2304	1.28	2593	0	0	6	21	1524	0.00	0.01	0.18	93.46	6.89	0.00	0.00	86.82	100	6594	100	101.12	99.46	0.00	0.00	0.00	0.00	0.00	0.00	0.00	0.00	0.00	0.00	0.00	21.12	16.73	0.00	1.22	0.00	0.00	4300
293	6.36	4610	2304	1.28	3009	0	0	183	295	1549	0.00	0.13	1.75	91.68	7.44	0.00	0.00	86.20	100	6594	100	102.46	99.29	0.00	0.00	0.00	0.00	0.00	0.00	0.00	0.00	0.00	0.00	0.00	21.34	16.97	0.00	1.23	0.00	0.00	4300
290	6.29	4610	2304	1.28	2457	0	0	11	21	1399	0.00	0.01	0.14	93.50	6.86	0.00	0.00	86.86	100	6594	100	101.10	99.53	0.00	0.00	0.00	0.00	0.00	0.00	0.00	0.00	0.00	0.00	0.00	20.54	16.18	0.00	1.22	0.00	0.00	4300
290	6.28	4610	2304	1.28	2448	0	0	4	25	1377	0.00	0.00	0.17	93.48	6.82	0.00	0.00	86.89	100	6594	100	101.02	99.53	0.00	0.00	0.00	0.00	0.00	0.00	0.00	0.00	0.00	0.00	0.00	21.03	16.64	0.00	1.22	0.00	0.00	4300
290	6.29	4611	2304	1.28	2700	0	0	8	32	1614	0.00	0.01	0.22	93.41	6.93	0.00	0.00	86.78	100	6594	100	101.18	99.42	0.00	0.00	0.00	0.00	0.00	0.00	0.00	0.00	0.00	0.00	0.00	21.91	17.54	0.00	1.22	0.00	0.00	4300
290	6.28	4610	2304	1.28	2438	0	0	6	37	1360	0.00	0.00	0.33	93.32	6.83	0.00	0.00	86.89	100	6594	100	101.01	99.53	0.00	0.00	0.00	0.00	0.00	0.00	0.00	0.00	0.00	0.00	0.00	20.43	16.06	0.00	1.22	0.00	0.00	4300
293	6.37	4607	2304	1.28	3005	0	0	133	170	1705	0.00	0.10	0.99	92.46	7.48	0.00	0.00	86.16	100	6594	100	102.45	99.26	0.00	0.00	0.00	0.00	0.00	0.00	0.00	0.00	0.00	0.00	0.00	20.32	15.92	0.00	1.23	0.00	0.00	4300
289	6.28	4608	2304	1.28	2250	0	0	9	32	1194	0.00	0.01	0.20	93.46	6.77	0.00	0.00	86.95	100	6594	100	100.98	99.63	0.00	0.00	0.00	0.00	0.00	0.00	0.00	0.00	0.00	0.00	0.00	22.28	17.91	0.00	1.22	0.00	0.00	4300
290	6.29	4608	2304	1.28	2465	0	0	7	13	1415	0.00	0.01	0.09	93.55	6.85	0.00	0.00	86.86	100	6594	100	101.06	99.51	0.00	0.00	0.00	0.00	0.00	0.00	0.00	0.00	0.00	0.00	0.00	20.21	15.84	0.00	1.22	0.00	0.00	4300
290	6.29	4611	2304	1.28	2673	0	0	10	11	1612	0.00	0.02	0.08	93.54	6.93	0.00	0.00	86.78	99	6594	99	101.06	99.40	0.00	0.00	0.00	0.00	0.00	0.00	0.00	0.00	0.00	0.00	0.00	21.99	17.60	0.00	1.22	0.00	0.00	4300
290	6.30	4611	2304	1.28	2644	0	0	17	14	1543	0.00	0.03	0.07	93.55	6.93	0.00	0.00	86.78	100	6594	100	101.21	99.46	0.00	0.00	0.00	0.00	0.00	0.00	0.00	0.00	0.00	0.00	0.00	22.35	17.98	0.00	1.22	0.00	0.00	4300
294	6.37	4610	2304	1.28	2957	0	0	167	181	1622	0.00	0.14	1.02	92.38	7.34	0.00	0.00	86.29	100	6594	100	102.49	99.29	0.00	0.00	0.00	0.00	0.00	0.00	0.00	0.00	0.00	0.00	0.00	20.93	16.56	0.00	1.23	0.00	0.00	4300
290	6.30	4613	2304	1.28	2800	0	0	14	19	1723	0.00	0.01	0.14	93.49	6.97	0.00	0.00	86.73	100	6594	100	101.22	99.36	0.00	0.00	0.00	0.00	0.00	0.00	0.00	0.00	0.00	0.00	0.00	21.42	17.02	0.00	1.22	0.00	0.00	4300
290	6.29	4611	2304	1.28	2883	0	0	43	137	1649	0.00	0.03	0.85	92.76	7.01	0.00	0.00	86.70	100	6594	100	101.16	99.34	0.00	0.00	0.00	0.00	0.00	0.00	0.00	0.00	0.00	0.00	0.00	20.75	16.38	0.00	1.22	0.00	0.00	4300
290	6.29	4612	2304	1.28	2737	0	0	8	35	1637	0.00	0.01	0.22	93.41	6.95	0.00	0.00	86.75	100	6594	100	101.22	99.40	0.00	0.00	0.00	0.00	0.00	0.00	0.00	0.00	0.00	0.00	0.00	22.23	17.84	0.00	1.22	0.00	0.00	4300
291	6.30	4616	2304	1.28	3060	0	0	10	57	1914	0.00	0.01	0.38	93.23	7.06	0.00	0.00	86.64	100	6594	100	101.28	99.25	0.00	0.00	0.00	0.00	0.00	0.00	0.00	0.00	0.00	0.00	0.00	22.65	18.26	0.00	1.22	0.00	0.00	4200
294	6.37	4615	2304	1.28	3031	0	0	140	124	1779	0.00	0.08	0.76	92.71	7.47	0.00	0.00	86.17	100	6594	100	102.42	99.26	0.00	0.00	0.00	0.00	0.00	0.00	0.00	0.00	0.00	0.00	0.00	20.80	16.43	0.00	1.23	0.00	0.00	4300
291	6.30	4616	2304	1.28	3052	0	0	9	17	1953	0.00	0.01	0.09	93.53	7.05	0.00	0.00	86.65	100	6594	100	101.21	99.24	0.00	0.00	0.00	0.00	0.00	0.00	0.00	0.00	0.00	0.00	0.00	20.43	16.06	0.00	1.22	0.00	0.00	4300
291	6.30	4616	2304	1.28	2830	0	0	13	52	1717	0.00	0.02	0.34	93.28	7.00	0.00	0.00	86.70	100	6594	100	101.23	99.36	0.00	0.00	0.00	0.00	0.00	0.00	0.00	0.00	0.00	0.00	0.00	22.78	18.41	0.00	1.22	0.00	0.00	4300
304	6.60	4609	2304	1.30	3277	0	1	169	402	1809	0.00	0.23	2.34	90.72	8.04	0.00	0.00	85.36	100	6594	100	106.37	99.08	0.00	0.00	0.00	0.00	0.00	0.00	0.00	0.00	0.00	0.00	0.00	22.68	18.27	0.00	1.23	0.00	0.00	4300
291	6.30	4619	2304	1.28	3123	0	0	10	30	2018	0.00	0.02	0.18	93.43	7.09	0.00	0.00	86.60	100	6594	100	101.32	99.21	0.00	0.00	0.00	0.00	0.00	0.00	0.00	0.00	0.00	0.00	0.00	22.53	18.14	0.00	1.22	0.00	0.00	4200
295	6.39	4615	2304	1.28	3383	0	1	194	166	1998	0.00	0.27	0.93	92.33	7.72	0.00	0.00	85.90	100	6594	100	102.71	99.11	0.00	0.00	0.00	0.00	0.00	0.00	0.00	0.00	0.00	0.00	0.00	22.39	18.02	0.00	1.23	0.00	0.00	4300
291	6.30	4615	2304	1.28	2957	0	0	21	73	1802	0.00	0.04	0.46	93.13	7.08	0.00	0.00	86.62	100	6594	100	101.23	99.30	0.00	0.00	0.00	0.00	0.00	0.00	0.00	0.00	0.00	0.00	0.00	22.19	17.82	0.00	1.22	0.00	0.00	4300
291	6.30	4618	2304	1.28	2903	0	0	9	30	1806	0.00	0.01	0.20	93.43	7.01	0.00	0.00	86.69	100	6594	100	101.26	99.33	0.00	0.00	0.00	0.00	0.00	0.00	0.00	0.00	0.00	0.00	0.00	20.74	16.37	0.00	1.22	0.00	0.00	4300
291	6.30	4620	2304	1.28	3142	0	0	20	24	2027	0.00	0.03	0.14	93.46	7.11	0.00	0.00	86.59	100	6594	100	101.26	99.21	0.00	0.00	0.00	0.00	0.00	0.00	0.00	0.00	0.00	0.00	0.00	23.13	18.74	0.00	1.22	0.00	0.00	4300
291	6.30	4619	2304	1.27	3404	0	0	24	176	2117	0.00	0.03	1.06	92.53	7.18	0.00	0.00	86.51	100	6594	100	101.35	99.09	0.00	0.00	0.00	0.00	0.00	0.00	0.00	0.00	0.00	0.00	0.00	20.75	16.36	0.00	1.22	0.00	0.00	4300
294	6.37	4620	2304	1.28	3365	0	1	184	242	1944	0.00	0.13	1.63	91.79	7.65	0.00	0.00	85.98	100	6594	100	102.60	99.08	0.00	0.00	0.00	0.00	0.00	0.00	0.00	0.00	0.00	0.00	0.00	21.27	16.88	0.00	1.23	0.00	0.00	4300
294	6.36	4622	2304	1.27	3317	0	1	62	118	2133	0.00	0.07	0.63	92.86	7.35	0.00	0.00	86.30	100	6594	100	102.26	99.11	0.00	0.00	0.00	0.00	0.00	0.00	0.00	0.00	0.00	0.00	0.00	20.71	16.34	0.00	1.23	0.00	0.00	4300
292	6.31	4632	2301	1.27	3366	0	1	7	38	2215	0.00	0.01	0.28	93.20	7.16	0.00	0.00	86.53	100	6594	100	101.17	98.95	0.00	0.00	0.00	0.00	0.00	0.00	0.00	0.00	0.00	0.00	0.00	22.00	17.64	0.00	1.22	0.00	0.00	4300
292	6.30	4633	2307	1.27	3577	0	0	9	46	2405	0.00	0.01	0.31	93.41	7.22	0.00	0.00	86.48	100	6594	100	101.54	99.12	0.00	0.00	0.00	0.00	0.00	0.00	0.00	0.00	0.00	0.00	0.00	23.02	18.64	0.00	1.23	0.00	0.00	4300
292	6.31	4632	2304	1.27	3473	0	0	8	52	2322	0.00	0.01	0.42	93.18	7.19	0.00	0.00	86.51	100	6594	100	101.39	99.05	0.00	0.00	0.00	0.00	0.00	0.00	0.00	0.00	0.00	0.00	0.00	22.21	17.85	0.00	1.22	0.00	0.00	4300
295	6.38	4625	2304	1.28	3754	0	0	202	340	2188	0.00	0.11	2.13	91.28	7.87	0.00	0.00	85.75	100	6594	100	102.74	98.92	0.00	0.00	0.00	0.00	0.00	0.00	0.00	0.00	0.00	0.00	0.00	21.78	17.39	0.00	1.23	0.00	0.00	4300
292	6.30	4631	2304	1.27	3419	0	0	9	51	2268	0.00	0.01	0.37	93.23	7.17	0.00	0.00	86.52	100	6594	100	101.35	99.06	0.00	0.00	0.00	0.00	0.00	0.00	0.00	0.00	0.00	0.00	0.00	21.69	17.30	0.00	1.22	0.00	0.00	4300
292	6.31	4631	2304	1.27	3564	0	0	6	36	2428	0.00	0.01	0.20	93.39	7.22	0.00	0.00	86.47	99	6594	99	101.46	99.00	0.00	0.00	0.00	0.00	0.00	0.00	0.00	0.00	0.00	0.00	0.00	20.69	16.33	0.00	1.22	0.00	0.00	4300
292	6.30	4631	2304	1.27	3378	0	0	5	44	2230	0.00	0.00	0.32	93.30	7.15	0.00	0.00	86.55	100	6594	100	101.31	99.06	0.00	0.00	0.00	0.00	0.00	0.00	0.00	0.00	0.00	0.00	0.00	21.41	17.04	0.00	1.22	0.00	0.00	4300
292	6.31	4630	2304	1.27	3514	0	0	11	40	2367	0.00	0.02	0.42	93.17	7.23	0.00	0.00	86.46	100	6594	100	101.43	99.01	0.00	0.00	0.00	0.00	0.00	0.00	0.00	0.00	0.00	0.00	0.00	21.69	17.33	0.00	1.22	0.00	0.00	4300
295	6.38	4627	2304	1.28	3833	0	0	182	180	2426	0.00	0.20	1.05	92.27	7.83	0.00	0.00	85.78	100	6594	100	102.69	98.92	0.00	0.00	0.00	0.00	0.00	0.00	0.00	0.00	0.00	0.00	0.00	23.19	18.82	0.00	1.23	0.00	0.00	4300
292	6.31	4627	2304	1.27	3407	0	0	159	181	2006	0.00	0.55	1.11	91.96	7.63	0.00	0.00	86.06	100	6594	100	101.36	99.11	0.00	0.00	0.00	0.00	0.00	0.00	0.00	0.00	0.00	0.00	0.00	23.47	19.08	0.00	1.22	0.00	0.00	4300
292	6.31	4630	2304	1.27	3463	0	0	17	41	2295	0.00	0.03	0.28	93.31	7.21	0.00	0.00	86.48	100	6594	100	101.37	99.07	0.00	0.00	0.00	0.00	0.00	0.00	0.00	0.00	0.00	0.00	0.00	20.40	16.00	0.00	1.22	0.00	0.00	4300
292	6.32	4631	2304	1.27	3448	0	0	16	22	2320	0.00	0.02	0.15	93.44	7.20	0.00	0.00	86.48	100	6594	100	101.53	99.06	0.00	0.00	0.00	0.00	0.00	0.00	0.00	0.00	0.00	0.00	0.00	21.67	17.31	0.00	1.22	0.00	0.00	4300
292	6.30	4630	2304	1.27	3458	0	0	12	28	2323	0.00	0.02	0.23	93.37	7.19	0.00	0.00	86.50	100	6594	100	101.31	99.02	0.00	0.00	0.00	0.00	0.00	0.00	0.00	0.00	0.00	0.00	0.00	22.51	18.15	0.00	1.22	0.00	0.00	4300
296	6.38	4631	2304	1.27	3886	0	0	156	229	2449	0.00	0.11	1.42	91.99	7.78	0.00	0.00	85.84	100	6594	100	102.72	98.81	0.00	0.00	0.00	0.00	0.00	0.00	0.00	0.00	0.00	0.00	0.00	21.45	17.08	0.00	1.23	0.00	0.00	4300
292	6.30	4630	2304	1.27	3347	0	0	18	47	2203	0.00	0.02	0.29	93.31	7.18	0.00	0.00	86.52	100	6594	100	101.34	99.11	0.00	0.00	0.00	0.00	0.00	0.00	0.00	0.00	0.00	0.00	0.00	23.29	18.93	0.00	1.22	0.00	0.00	4300
292	6.31	4633	2304	1.27	3598	0	0	25	265	2218	0.00	0.02	1.83	91.76	7.25	0.00	0.00	86.44	100	6594	100	101.49	98.98	0.00	0.00	0.00	0.00	0.00	0.00	0.00	0.00	0.00	0.00	0.00	21.83	17.44	0.00	1.22	0.00	0.00	4300
292	6.30	4632	2304	1.27	3356	0	0	21	30	2220	0.00	0.01	0.23	93.38	7.14	0.00	0.00	86.55	100	6594	100	101.34	99.09	0.00	0.00	0.00	0.00	0.00	0.00	0.00	0.00	0.00	0.00	0.00	21.97	17.58	0.00	1.22	0.00	0.00	4300
292	6.31	4632	2304	1.27	3369	0	0	11	11	2257	0.00	0.02	0.10	93.50	7.17	0.00	0.00	86.53	100	6594	100	101.36	99.08	0.00	0.00	0.00	0.00	0.00	0.00	0.00	0.00	0.00	0.00	0.00	21.93	17.56	0.00	1.22	0.00	0.00	4300
295	6.37	4630	2304	1.28	3527	0	0	137	210	2145	0.00	0.08	1.22	92.23	7.70	0.00	0.00	85.93	100	6594	100	102.53	98.98	0.00	0.00	0.00	0.00	0.00	0.00	0.00	0.00	0.00	0.00	0.00	21.88	17.51	0.00	1.23	0.00	0.00	4300
292	6.31	4633	2304	1.27	3552	0	0	6	38	2408	0.00	0.01	0.23	93.36	7.21	0.00	0.00	86.49	100	6594	100	101.41	98.99	0.00	0.00	0.00	0.00	0.00	0.00	0.00	0.00	0.00	0.00	0.00	21.59	17.23	0.00	1.22	0.00	0.00	4300
292	6.30	4636	2304	1.27	3329	0	0	9	23	2209	0.00	0.01	0.17	93.44	7.15	0.00	0.00	86.55	100	6594	100	101.26	99.08	0.00	0.00	0.00	0.00	0.00	0.00	0.00	0.00	0.00	0.00	0.00	22.08	17.72	0.00	1.22	0.00	0.00	4300
292	6.30	4636	2304	1.27	3458	0	0	5	230	2139	0.00	0.01	1.46	92.15	7.21	0.00	0.00	86.49	100	6594	100	101.32	98.99	0.00	0.00	0.00	0.00	0.00	0.00	0.00	0.00	0.00	0.00	0.00	23.56	19.17	0.00	1.22	0.00	0.00	4300
293	6.32	4637	2304	1.27	3423	0	0	12	66	2261	0.00	0.01	0.51	93.08	7.18	0.00	0.00	86.50	100	6594	100	101.50	99.05	0.00	0.00	0.00	0.00	0.00	0.00	0.00	0.00	0.00	0.00	0.00	21.59	17.20	0.00	1.22	0.00	0.00	4300
295	6.38	4632	2304	1.28	3523	0	0	161	152	2188	0.00	0.12	0.89	92.52	7.78	0.00	0.00	85.85	100	6594	100	102.55	98.98	0.00	0.00	0.00	0.00	0.00	0.00	0.00	0.00	0.00	0.00	0.00	22.62	18.25	0.00	1.23	0.00	0.00	4300
292	6.30	4637	2304	1.27	3411	0	0	10	36	2274	0.00	0.02	0.26	93.34	7.17	0.00	0.00	86.52	100	6594	100	101.31	99.04	0.00	0.00	0.00	0.00	0.00	0.00	0.00	0.00	0.00	0.00	0.00	23.03	18.67	0.00	1.22	0.00	0.00	4300
292	6.31	4636	2304	1.27	3499	0	0	7	58	2340	0.00	0.01	0.44	93.15	7.21	0.00	0.00	86.48	100	6594	100	101.39	98.99	0.00	0.00	0.00	0.00	0.00	0.00	0.00	0.00	0.00	0.00	0.00	22.86	18.49	0.00	1.22	0.00	0.00	4300
292	6.31	4636	2304	1.27	3565	0	0	13	83	2369	0.00	0.03	0.50	93.08	7.26	0.00	0.00	86.44	100	6594	100	101.41	99.01	0.00	0.00	0.00	0.00	0.00	0.00	0.00	0.00	0.00	0.00	0.00	22.06	17.66	0.00	1.22	0.00	0.00	4300
292	6.32	4633	2300	1.27	3549	0	0	10	205	2250	0.00	0.02	1.22	92.21	7.22	0.00	0.00	86.46	100	6594	100	101.30	98.89	0.00	0.00	0.00	0.00	0.00	0.00	0.00	0.00	0.00	0.00	0.00	21.57	17.20	0.00	1.22	0.00	0.00	4300
294	6.36	4618	2308	1.28	3430	0	1	137	148	2114	0.00	0.09	0.91	92.70	7.65	0.00	0.00	85.99	99	6594	100	102.62	99.15	0.00	0.00	0.00	0.00	0.00	0.00	0.00	0.00	0.00	0.00	0.00	21.21	16.99	0.00	1.23	0.00	0.00	4300
294	6.35	4626	2304	1.27	3361	0	0	73	82	2166	0.00	0.10	0.35	93.13	7.37	0.00	0.00	86.29	100	6594	100	102.08	99.10	0.00	0.00	0.00	0.00	0.00	0.00	0.00	0.00	0.00	0.00	0.00	23.85	19.43	0.00	1.23	0.00	0.00	4300
291	6.30	4625	2304	1.28	3176	0	0	15	53	2039	0.00	0.03	0.49	93.10	7.13	0.00	0.00	86.57	100	6594	100	101.29	99.20	0.00	0.00	0.00	0.00	0.00	0.00	0.00	0.00	0.00	0.00	0.00	22.53	18.05	0.00	1.22	0.00	0.00	4300
292	6.31	4629	2304	1.27	3396	0	0	8	22	2264	0.00	0.01	0.17	93.44	7.17	0.00	0.00	86.53	100	6594	100	101.35	99.06	0.00	0.00	0.00	0.00	0.00	0.00	0.00	0.00	0.00	0.00	0.00	22.42	18.04	0.00	1.22	0.00	0.00	4300
292	6.30	4627	2304	1.27	3341	0	0	10	24	2221	0.00	0.01	0.19	93.42	7.15	0.00	0.00	86.55	100	6594	100	101.31	99.10	0.00	0.00	0.00	0.00	0.00	0.00	0.00	0.00	0.00	0.00	0.00	22.52	18.16	0.00	1.22	0.00	0.00	4300
295	6.38	4622	2304	1.28	3674	0	0	187	384	2083	0.00	0.18	2.33	91.01	7.95	0.00	0.00	85.67	100	6594	100	102.69	98.98	0.00	0.00	0.00	0.00	0.00	0.00	0.00	0.00	0.00	0.00	0.00	20.03	15.64	0.00	1.23	0.00	0.00	4300
292	6.30	4627	2304	1.27	3385	0	0	18	53	2232	0.00	0.02	0.40	93.20	7.21	0.00	0.00	86.49	100	6594	100	101.36	99.08	0.00	0.00	0.00	0.00	0.00	0.00	0.00	0.00	0.00	0.00	0.00	21.69	17.30	0.00	1.22	0.00	0.00	4300
292	6.30	4627	2304	1.27	3276	0	0	7	24	2158	0.00	0.01	0.17	93.44	7.13	0.00	0.00	86.57	100	6594	100	101.34	99.12	0.00	0.00	0.00	0.00	0.00	0.00	0.00	0.00	0.00	0.00	0.00	20.91	16.81	0.00	1.22	0.00	0.00	4300
291	6.30	4626	2304	1.27	3274	0	0	10	20	2161	0.00	0.02	0.15	93.46	7.14	0.00	0.00	86.56	100	6594	100	101.27	99.12	0.00	0.00	0.00	0.00	0.00	0.00	0.00	0.00	0.00	0.00	0.00	22.06	17.44	0.00	1.22	0.00	0.00	4300
292	6.30	4625	2304	1.27	3265	0	0	7	25	2151	0.00	0.01	0.26	93.35	7.13	0.00	0.00	86.56	100	6594	100	101.34	99.14	0.00	0.00	0.00	0.00	0.00	0.00	0.00	0.00	0.00	0.00	0.00	21.06	16.92	0.00	1.22	0.00	0.00	4300
294	6.37	4619	2304	1.28	3391	0	0	159	169	2041	0.00	0.10	1.02	92.43	7.52	0.00	0.00	86.10	100	6594	100	102.53	99.11	0.00	0.00	0.00	0.00	0.00	0.00	0.00	0.00	0.00	0.00	0.00	21.80	17.21	0.00	1.23	0.00	0.00	4300
292	6.31	4622	2304	1.27	3636	0	0	12	299	2239	0.00	0.01	2.19	91.40	7.26	0.00	0.00	86.43	100	6594	100	101.48	98.98	0.00	0.00	0.00	0.00	0.00	0.00	0.00	0.00	0.00	0.00	0.00	22.52	18.14	0.00	1.22	0.00	0.00	4300
292	6.30	4625	2304	1.28	3256	0	0	9	49	2111	0.00	0.01	0.46	93.16	7.11	0.00	0.00	86.58	100	6594	100	101.29	99.17	0.00	0.00	0.00	0.00	0.00	0.00	0.00	0.00	0.00	0.00	0.00	22.38	17.99	0.00	1.22	0.00	0.00	4300
292	6.31	4626	2304	1.27	3353	0	1	12	58	2188	0.00	0.01	0.45	93.16	7.14	0.00	0.00	86.55	100	6594	100	101.34	99.10	0.00	0.00	0.00	0.00	0.00	0.00	0.00	0.00	0.00	0.00	0.00	22.98	18.61	0.00	1.22	0.00	0.00	4300
292	6.30	4628	2304	1.27	3360	0	0	8	69	2184	0.00	0.01	0.43	93.17	7.14	0.00	0.00	86.55	99	6594	99	101.31	99.11	0.00	0.00	0.00	0.00	0.00	0.00	0.00	0.00	0.00	0.00	0.00	21.82	17.46	0.00	1.22	0.00	0.00	4300
295	6.38	4623	2304	1.28	3504	0	1	141	188	2124	0.00	0.09	1.14	92.30	7.54	0.00	0.00	86.08	99	6594	100	102.59	99.06	0.00	0.00	0.00	0.00	0.00	0.00	0.00	0.00	0.00	0.00	0.00	22.63	18.26	0.00	1.23	0.00	0.00	4300
292	6.31	4630	2304	1.27	3534	0	1	14	103	2314	0.00	0.02	0.78	92.82	7.25	0.00	0.00	86.44	100	6594	100	101.47	99.02	0.00	0.00	0.00	0.00	0.00	0.00	0.00	0.00	0.00	0.00	0.00	21.83	17.51	0.00	1.22	0.00	0.00	4300
292	6.31	4629	2304	1.27	3435	0	0	11	212	2123	0.00	0.01	0.96	92.64	7.19	0.00	0.00	86.50	100	6594	100	101.42	99.07	0.00	0.00	0.00	0.00	0.00	0.00	0.00	0.00	0.00	0.00	0.00	24.06	19.60	0.00	1.22	0.00	0.00	4300
292	6.31	4632	2304	1.27	3706	0	0	3	67	2529	0.00	0.00	0.43	93.17	7.25	0.00	0.00	86.44	99	6594	99	101.47	98.95	0.00	0.00	0.00	0.00	0.00	0.00	0.00	0.00	0.00	0.00	0.00	22.55	18.19	0.00	1.22	0.00	0.00	4300
292	6.31	4634	2304	1.27	3480	0	0	7	21	2353	0.00	0.01	0.12	93.49	7.19	0.00	0.00	86.50	100	6594	100	101.39	99.02	0.00	0.00	0.00	0.00	0.00	0.00	0.00	0.00	0.00	0.00	0.00	23.09	18.72	0.00	1.22	0.00	0.00	4300
296	6.40	4630	2304	1.28	3533	0	0	140	158	2210	0.00	0.07	0.89	92.55	7.45	0.00	0.00	86.15	100	6594	100	102.78	99.02	0.00	0.00	0.00	0.00	0.00	0.00	0.00	0.00	0.00	0.00	0.00	20.97	16.60	0.00	1.23	0.00	0.00	4300
292	6.30	4629	2304	1.28	3140	0	0	9	23	2041	0.00	0.02	0.17	93.45	7.09	0.00	0.00	86.60	100	6594	100	101.30	99.19	0.00	0.00	0.00	0.00	0.00	0.00	0.00	0.00	0.00	0.00	0.00	22.60	18.23	0.00	1.22	0.00	0.00	4300
292	6.30	4633	2304	1.27	3362	0	0	7	64	2202	0.00	0.01	0.50	93.11	7.15	0.00	0.00	86.55	100	6603	100	101.35	99.11	0.00	0.00	0.00	0.00	0.00	0.00	0.00	0.00	0.00	0.00	0.00	20.98	16.60	0.00	1.22	0.00	0.00	4300
292	6.31	4630	2304	1.27	3504	0	0	7	193	2212	0.00	0.01	0.95	92.65	7.22	0.00	0.00	86.47	100	6672	100	101.41	99.02	0.00	0.00	0.00	0.00	0.00	0.00	0.00	0.00	0.00	0.00	0.00	21.75	17.36	0.00	1.22	0.00	0.00	4300
292	6.30	4631	2304	1.27	3396	0	0	5	22	2279	0.00	0.01	0.17	93.45	7.16	0.00	0.00	86.54	100	6742	100	101.32	99.07	0.00	0.00	0.00	0.00	0.00	0.00	0.00	0.00	0.00	0.00	0.00	23.67	19.30	0.00	1.22	0.00	0.00	4300
295	6.38	4628	2304	1.28	3791	0	1	135	118	2489	0.00	0.10	0.71	92.70	7.76	0.00	0.00	85.86	100	6817	100	102.69	98.89	0.00	0.00	0.00	0.00	0.00	0.00	0.00	0.00	0.00	0.00	0.00	23.06	18.69	0.00	1.23	0.00	0.00	4300
293	6.33	4630	2304	1.27	3606	0	1	29	86	2417	0.00	0.04	0.55	92.99	7.33	0.00	0.00	86.34	100	6891	100	101.79	98.97	0.00	0.00	0.00	0.00	0.00	0.00	0.00	0.00	0.00	0.00	0.00	23.03	18.67	0.00	1.23	0.00	0.00	4300
292	6.30	4630	2304	1.27	3228	0	0	8	46	2097	0.00	0.01	0.28	93.33	7.12	0.00	0.00	86.57	100	6955	100	101.35	99.15	0.00	0.00	0.00	0.00	0.00	0.00	0.00	0.00	0.00	0.00	0.00	21.16	16.79	0.00	1.22	0.00	0.00	4300
292	6.31	4633	2304	1.27	3474	0	0	7	24	2350	0.00	0.01	0.14	93.46	7.19	0.00	0.00	86.51	100	7027	100	101.36	99.03	0.00	0.00	0.00	0.00	0.00	0.00	0.00	0.00	0.00	0.00	0.00	20.60	16.22	0.00	1.22	0.00	0.00	4300
293	6.32	4633	2304	1.27	3895	0	0	64	198	2516	0.00	0.20	0.96	92.43	7.52	0.00	0.00	86.16	100	7108	100	101.55	98.86	0.00	0.00	0.00	0.00	0.00	0.00	0.00	0.00	0.00	0.00	0.00	22.18	17.79	0.00	1.22	0.00	0.00	4300
298	6.45	4625	2304	1.28	4192	0	0	243	250	2631	0.00	0.25	1.34	91.85	8.33	0.00	0.00	85.22	100	7189	100	103.45	98.75	0.00	0.00	0.00	0.00	0.00	0.00	0.00	0.00	0.00	0.00	0.00	20.95	16.59	0.00	1.23	0.00	0.00	4300
295	6.36	4631	2304	1.26	3672	0	0	70	133	2455	0.00	0.11	0.69	92.76	7.52	0.00	0.00	86.12	100	7264	100	102.35	98.92	0.00	0.00	0.00	0.00	0.00	0.00	0.00	0.00	0.00	0.00	0.00	22.21	17.84	0.00	1.23	0.00	0.00	4300
293	6.32	4635	2304	1.27	3617	0	0	47	207	2322	0.00	0.12	1.14	92.33	7.55	0.00	0.00	86.13	100	7335	100	101.79	98.87	0.00	0.00	0.00	0.00	0.00	0.00	0.00	0.00	0.00	0.00	0.00	21.72	17.36	0.00	1.22	0.00	0.00	4300
292	6.31	4636	2304	1.27	3502	0	0	9	31	2369	0.00	0.01	0.20	93.40	7.20	0.00	0.00	86.49	100	7408	100	101.39	99.00	0.00	0.00	0.00	0.00	0.00	0.00	0.00	0.00	0.00	0.00	0.00	22.31	17.94	0.00	1.22	0.00	0.00	4300
292	6.30	4633	2304	1.27	3378	0	0	22	86	2191	0.00	0.05	0.55	93.02	7.22	0.00	0.00	86.48	100	7475	100	101.37	99.10	0.00	0.00	0.00	0.00	0.00	0.00	0.00	0.00	0.00	0.00	0.00	20.48	16.09	0.00	1.22	0.00	0.00	4300
296	6.39	4631	2304	1.27	3966	0	0	251	352	2342	0.00	0.28	2.05	91.19	8.06	0.00	0.00	85.55	100	7546	100	102.78	98.85	0.00	0.00	0.00	0.00	0.00	0.00	0.00	0.00	0.00	0.00	0.00	23.35	18.97	0.00	1.23	0.00	0.00	4300
292	6.30	4633	2304	1.27	3306	0	0	7	43	2174	0.00	0.01	0.41	93.21	7.14	0.00	0.00	86.56	99	7612	99	101.29	99.11	0.00	0.00	0.00	0.00	0.00	0.00	0.00	0.00	0.00	0.00	0.00	21.65	17.29	0.00	1.22	0.00	0.00	4300
293	6.32	4637	2304	1.27	3712	0	0	10	38	2558	0.00	0.02	0.25	93.34	7.28	0.00	0.00	86.41	100	7692	100	101.49	98.93	0.00	0.00	0.00	0.00	0.00	0.00	0.00	0.00	0.00	0.00	0.00	21.97	17.61	0.00	1.22	0.00	0.00	4300
292	6.31	4634	2304	1.27	3748	0	0	13	80	2550	0.00	0.02	0.49	93.09	7.32	0.00	0.00	86.37	100	7770	100	101.49	98.93	0.00	0.00	0.00	0.00	0.00	0.00	0.00	0.00	0.00	0.00	0.00	22.24	17.85	0.00	1.22	0.00	0.00	4300
292	6.31	4636	2304	1.27	3505	0	0	13	21	2372	0.00	0.02	0.13	93.47	7.21	0.00	0.00	86.48	100	7843	100	101.39	99.00	0.00	0.00	0.00	0.00	0.00	0.00	0.00	0.00	0.00	0.00	0.00	24.78	20.41	0.00	1.22	0.00	0.00	4300
296	6.38	4635	2304	1.27	3923	0	0	174	174	2532	0.00	0.16	0.97	92.39	7.76	0.00	0.00	85.85	100	7920	100	102.64	98.84	0.00	0.00	0.00	0.00	0.00	0.00	0.00	0.00	0.00	0.00	0.00	21.78	17.39	0.00	1.23	0.00	0.00	4300
293	6.31	4638	2304	1.27	3704	0	0	74	157	2373	0.00	0.15	0.91	92.54	7.38	0.00	0.00	86.30	100	7995	100	101.47	98.93	0.00	0.00	0.00	0.00	0.00	0.00	0.00	0.00	0.00	0.00	0.00	21.61	17.22	0.00	1.22	0.00	0.00	4300
293	6.32	4638	2304	1.27	3897	0	0	34	83	2662	0.00	0.06	0.52	93.01	7.38	0.00	0.00	86.30	100	8079	100	101.51	98.85	0.00	0.00	0.00	0.00	0.00	0.00	0.00	0.00	0.00	0.00	0.00	22.44	18.08	0.00	1.22	0.00	0.00	4300
292	6.31	4635	2304	1.27	3539	0	0	14	35	2385	0.00	0.02	0.23	93.37	7.22	0.00	0.00	86.47	100	8153	100	101.42	99.00	0.00	0.00	0.00	0.00	0.00	0.00	0.00	0.00	0.00	0.00	0.00	23.15	18.78	0.00	1.22	0.00	0.00	4300
293	6.31	4636	2304	1.28	3427	0	0	7	48	2279	0.00	0.01	0.38	93.23	7.17	0.00	0.00	86.52	100	8224	100	101.42	99.05	0.00	0.00	0.00	0.00	0.00	0.00	0.00	0.00	0.00	0.00	0.00	22.23	17.87	0.00	1.22	0.00	0.00	4300
295	6.38	4632	2304	1.28	3470	0	0	153	100	2166	0.00	0.12	0.61	92.80	7.63	0.00	0.00	85.99	100	8289	100	102.57	99.07	0.00	0.00	0.00	0.00	0.00	0.00	0.00	0.00	0.00	0.00	0.00	21.74	17.38	0.00	1.23	0.00	0.00	4300
292	6.31	4636	2304	1.27	3580	0	1	16	77	2408	0.00	0.02	0.55	93.03	7.26	0.00	0.00	86.43	99	8363	100	101.40	98.95	0.00	0.00	0.00	0.00	0.00	0.00	0.00	0.00	0.00	0.00	0.00	24.22	19.83	0.00	1.22	0.00	0.00	4300
293	6.31	4638	2304	1.27	3570	0	0	31	181	2256	0.00	0.04	1.21	92.36	7.26	0.00	0.00	86.42	100	8433	100	101.50	99.00	0.00	0.00	0.00	0.00	0.00	0.00	0.00	0.00	0.00	0.00	0.00	22.94	18.55	0.00	1.22	0.00	0.00	4300
293	6.31	4638	2304	1.27	3551	0	0	20	55	2390	0.00	0.02	0.45	93.14	7.24	0.00	0.00	86.46	100	8507	100	101.39	98.99	0.00	0.00	0.00	0.00	0.00	0.00	0.00	0.00	0.00	0.00	0.00	20.53	16.16	0.00	1.22	0.00	0.00	4300
293	6.31	4639	2304	1.27	3543	0	0	15	25	2404	0.00	0.02	0.17	93.43	7.22	0.00	0.00	86.47	100	8581	100	101.41	98.99	0.00	0.00	0.00	0.00	0.00	0.00	0.00	0.00	0.00	0.00	0.00	23.81	19.45	0.00	1.22	0.00	0.00	4300
296	6.38	4639	2304	1.28	3815	0	0	173	193	2401	0.00	0.12	1.10	92.30	7.81	0.00	0.00	85.81	100	8654	100	102.61	98.86	0.00	0.00	0.00	0.00	0.00	0.00	0.00	0.00	0.00	0.00	0.00	23.19	18.82	0.00	1.23	0.00	0.00	4300
293	6.31	4642	2304	1.27	3693	0	0	9	22	2557	0.00	0.01	0.13	93.47	7.27	0.00	0.00	86.42	100	8733	100	101.45	98.90	0.00	0.00	0.00	0.00	0.00	0.00	0.00	0.00	0.00	0.00	0.00	20.86	16.50	0.00	1.22	0.00	0.00	4300
293	6.31	4638	2304	1.27	3708	0	0	15	23	2565	0.00	0.02	0.19	93.39	7.27	0.00	0.00	86.42	100	8812	100	101.45	98.93	0.00	0.00	0.00	0.00	0.00	0.00	0.00	0.00	0.00	0.00	0.00	22.38	17.99	0.00	1.22	0.00	0.00	4300
293	6.31	4641	2304	1.27	3753	0	0	26	169	2455	0.00	0.02	1.07	92.51	7.32	0.00	0.00	86.37	99	8889	99	101.49	98.85	0.00	0.00	0.00	0.00	0.00	0.00	0.00	0.00	0.00	0.00	0.00	22.30	17.91	0.00	1.22	0.00	0.00	4300
292	6.31	4637	2304	1.27	3545	0	0	13	49	2380	0.00	0.01	0.35	93.25	7.21	0.00	0.00	86.48	100	8963	100	101.37	99.00	0.00	0.00	0.00	0.00	0.00	0.00	0.00	0.00	0.00	0.00	0.00	21.69	17.33	0.00	1.22	0.00	0.00	4300
296	6.38	4635	2304	1.28	3622	0	0	158	152	2286	0.00	0.12	0.79	92.62	7.63	0.00	0.00	85.99	100	9032	100	102.55	98.97	0.00	0.00	0.00	0.00	0.00	0.00	0.00	0.00	0.00	0.00	0.00	22.20	17.83	0.00	1.23	0.00	0.00	4300
292	6.30	4641	2304	1.27	3465	0	0	11	33	2326	0.00	0.01	0.43	93.18	7.19	0.00	0.00	86.51	100	9104	100	101.30	98.99	0.00	0.00	0.00	0.00	0.00	0.00	0.00	0.00	0.00	0.00	0.00	22.94	18.58	0.00	1.22	0.00	0.00	4300
293	6.31	4640	2304	1.27	3520	0	0	9	34	2381	0.00	0.01	0.23	93.37	7.20	0.00	0.00	86.49	100	9177	100	101.42	98.99	0.00	0.00	0.00	0.00	0.00	0.00	0.00	0.00	0.00	0.00	0.00	23.06	18.69	0.00	1.22	0.00	0.00	4300
293	6.31	4643	2304	1.27	3748	0	0	33	113	2499	0.00	0.02	0.92	92.67	7.29	0.00	0.00	86.40	100	9255	100	101.46	98.90	0.00	0.00	0.00	0.00	0.00	0.00	0.00	0.00	0.00	0.00	0.00	22.20	17.79	0.00	1.22	0.00	0.00	4300
293	6.31	4644	2304	1.27	3770	0	0	61	268	2335	0.00	0.02	1.65	91.93	7.29	0.00	0.00	86.40	100	9329	100	101.43	98.86	0.00	0.00	0.00	0.00	0.00	0.00	0.00	0.00	0.00	0.00	0.00	23.95	19.58	0.00	1.22	0.00	0.00	4300
296	6.38	4638	2304	1.27	3947	0	1	175	172	2535	0.00	0.10	1.04	92.38	7.85	0.00	0.00	85.77	100	9407	100	102.67	98.88	0.00	0.00	0.00	0.00	0.00	0.00	0.00	0.00	0.00	0.00	0.00	22.73	18.36	0.00	1.23	0.00	0.00	4300
295	6.35	4643	2304	1.26	3640	0	0	46	36	2502	0.00	0.04	0.16	93.36	7.34	0.00	0.00	86.31	100	9483	100	102.14	98.94	0.00	0.00	0.00	0.00	0.00	0.00	0.00	0.00	0.00	0.00	0.00	22.37	18.01	0.00	1.22	0.00	0.00	4300
293	6.30	4642	2304	1.27	3530	0	0	17	42	2365	0.00	0.02	0.31	93.28	7.21	0.00	0.00	86.48	100	9556	100	101.35	98.99	0.00	0.00	0.00	0.00	0.00	0.00	0.00	0.00	0.00	0.00	0.00	22.05	17.69	0.00	1.22	0.00	0.00	4300
293	6.31	4644	2304	1.27	3592	0	0	8	30	2448	0.00	0.01	0.20	93.40	7.23	0.00	0.00	86.47	100	9632	100	101.38	98.94	0.00	0.00	0.00	0.00	0.00	0.00	0.00	0.00	0.00	0.00	0.00	24.58	20.22	0.00	1.22	0.00	0.00	4300
293	6.30	4647	2304	1.27	3375	0	1	10	29	2237	0.00	0.01	0.19	93.41	7.15	0.00	0.00	86.55	100	9701	100	101.25	99.03	0.00	0.00	0.00	0.00	0.00	0.00	0.00	0.00	0.00	0.00	0.00	21.43	17.02	0.00	1.22	0.00	0.00	4300
297	6.38	4646	2304	1.27	4141	0	1	160	423	2415	0.00	0.11	2.71	90.69	8.01	0.00	0.00	85.61	100	9777	100	102.67	98.72	0.00	0.00	0.00	0.00	0.00	0.00	0.00	0.00	0.00	0.00	0.00	22.92	18.55	0.00	1.23	0.00	0.00	4300
293	6.30	4648	2304	1.27	3506	0	0	16	95	2275	0.00	0.02	0.63	92.96	7.20	0.00	0.00	86.50	100	9848	100	101.35	99.01	0.00	0.00	0.00	0.00	0.00	0.00	0.00	0.00	0.00	0.00	0.00	23.16	18.80	0.00	1.22	0.00	0.00	4300
293	6.31	4650	2304	1.27	3518	0	0	8	37	2364	0.00	0.01	0.26	93.34	7.19	0.00	0.00	86.51	100	9921	100	101.36	98.97	0.00	0.00	0.00	0.00	0.00	0.00	0.00	0.00	0.00	0.00	0.00	22.56	18.19	0.00	1.22	0.00	0.00	4300
293	6.30	4650	2304	1.27	3345	0	0	8	29	2213	0.00	0.02	0.24	93.37	7.15	0.00	0.00	86.55	100	9989	100	101.23	99.05	0.00	0.00	0.00	0.00	0.00	0.00	0.00	0.00	0.00	0.00	0.00	21.57	17.20	0.00	1.22	0.00	0.00	4300
293	6.30	4652	2304	1.27	3275	0	0	12	22	2151	0.00	0.02	0.14	93.46	7.13	0.00	0.00	86.57	100	10055	100	101.24	99.07	0.00	0.00	0.00	0.00	0.00	0.00	0.00	0.00	0.00	0.00	0.00	20.97	16.61	0.00	1.22	0.00	0.00	4300
296	6.37	4649	2304	1.28	3700	0	0	150	228	2283	0.00	0.09	1.33	92.10	7.83	0.00	0.00	85.80	100	10124	100	102.53	98.91	0.00	0.00	0.00	0.00	0.00	0.00	0.00	0.00	0.00	0.00	0.00	22.83	18.41	0.00	1.23	0.00	0.00	4300
293	6.31	4650	2301	1.27	3581	0	0	10	164	2316	0.00	0.02	0.76	92.71	7.24	0.00	0.00	86.45	99	10195	99	101.29	98.85	0.00	0.00	0.00	0.00	0.00	0.00	0.00	0.00	0.00	0.00	0.00	23.99	19.63	0.00	1.22	0.00	0.00	4300
293	6.29	4652	2307	1.28	3248	0	0	9	55	2093	0.00	0.01	0.47	93.26	7.11	0.00	0.00	86.60	99	10260	99	101.29	99.17	0.00	0.00	0.00	0.00	0.00	0.00	0.00	0.00	0.00	0.00	0.00	21.51	17.13	0.00	1.23	0.00	0.00	4300
293	6.30	4651	2304	1.27	3322	0	0	10	23	2200	0.00	0.02	0.17	93.43	7.15	0.00	0.00	86.55	100	10328	100	101.26	99.05	0.00	0.00	0.00	0.00	0.00	0.00	0.00	0.00	0.00	0.00	0.00	22.49	18.13	0.00	1.22	0.00	0.00	4200
293	6.30	4652	2304	1.27	3502	0	0	12	111	2277	0.00	0.02	0.73	92.86	7.21	0.00	0.00	86.49	100	10400	99	101.28	98.95	0.00	0.00	0.00	0.00	0.00	0.00	0.00	0.00	0.00	0.00	0.00	23.29	18.92	0.00	1.22	0.00	0.00	4300
296	6.37	4650	2304	1.28	3560	0	0	127	204	2194	0.00	0.11	1.07	92.35	7.75	0.00	0.00	85.87	100	10467	100	102.56	98.88	0.00	0.00	0.00	0.00	0.00	0.00	0.00	0.00	0.00	0.00	0.00	22.58	18.19	0.00	1.23	0.00	0.00	4300
294	6.31	4654	2304	1.27	3591	0	0	11	37	2444	0.00	0.02	0.22	93.37	7.23	0.00	0.00	86.47	100	10542	100	101.37	98.94	0.00	0.00	0.00	0.00	0.00	0.00	0.00	0.00	0.00	0.00	0.00	23.85	19.47	0.00	1.22	0.00	0.00	4300
294	6.32	4654	2304	1.27	3796	0	0	18	211	2468	0.00	0.03	1.11	92.45	7.35	0.00	0.00	86.34	100	10619	100	101.57	98.84	0.00	0.00	0.00	0.00	0.00	0.00	0.00	0.00	0.00	0.00	0.00	22.60	18.23	0.00	1.22	0.00	0.00	4300
293	6.30	4656	2304	1.27	3593	0	0	12	107	2371	0.00	0.03	0.63	92.95	7.26	0.00	0.00	86.44	100	10693	100	101.31	98.90	0.00	0.00	0.00	0.00	0.00	0.00	0.00	0.00	0.00	0.00	0.00	22.01	17.65	0.00	1.22	0.00	0.00	4300
293	6.30	4652	2304	1.27	3435	0	0	12	27	2305	0.00	0.02	0.21	93.39	7.18	0.00	0.00	86.51	100	10764	100	101.34	99.00	0.00	0.00	0.00	0.00	0.00	0.00	0.00	0.00	0.00	0.00	0.00	23.35	18.98	0.00	1.22	0.00	0.00	4300
296	6.37	4650	2304	1.28	3575	0	0	140	146	2246	0.00	0.11	0.64	92.79	7.48	0.00	0.00	86.14	100	10832	100	102.50	98.97	0.00	0.00	0.00	0.00	0.00	0.00	0.00	0.00	0.00	0.00	0.00	22.97	18.61	0.00	1.23	0.00	0.00	4300
293	6.30	4656	2304	1.27	3387	0	0	12	42	2245	0.00	0.02	0.25	93.35	7.17	0.00	0.00	86.53	100	10901	100	101.32	99.03	0.00	0.00	0.00	0.00	0.00	0.00	0.00	0.00	0.00	0.00	0.00	23.22	18.84	0.00	1.22	0.00	0.00	4300
293	6.31	4651	2304	1.27	3709	0	0	20	125	2467	0.00	0.03	0.87	92.70	7.31	0.00	0.00	86.38	99	10978	100	101.43	98.90	0.00	0.00	0.00	0.00	0.00	0.00	0.00	0.00	0.00	0.00	0.00	23.52	19.13	0.00	1.22	0.00	0.00	4300
293	6.30	4657	2304	1.27	3529	0	0	8	165	2246	0.00	0.01	0.83	92.77	7.20	0.00	0.00	86.49	100	11048	100	101.32	98.93	0.00	0.00	0.00	0.00	0.00	0.00	0.00	0.00	0.00	0.00	0.00	22.81	18.45	0.00	1.22	0.00	0.00	4300
293	6.30	4654	2304	1.27	3525	0	0	8	42	2372	0.00	0.01	0.23	93.38	7.19	0.00	0.00	86.51	100	11122	100	101.30	98.96	0.00	0.00	0.00	0.00	0.00	0.00	0.00	0.00	0.00	0.00	0.00	22.85	18.48	0.00	1.22	0.00	0.00	4300
297	6.38	4649	2304	1.28	3695	0	0	149	194	2325	0.00	0.12	1.14	92.26	7.57	0.00	0.00	86.05	100	11193	100	102.58	98.91	0.00	0.00	0.00	0.00	0.00	0.00	0.00	0.00	0.00	0.00	0.00	23.49	19.13	0.00	1.23	0.00	0.00	4300
293	6.30	4652	2304	1.27	3430	0	0	9	82	2253	0.00	0.01	0.49	93.12	7.18	0.00	0.00	86.52	100	11262	100	101.31	99.01	0.00	0.00	0.00	0.00	0.00	0.00	0.00	0.00	0.00	0.00	0.00	23.43	19.07	0.00	1.22	0.00	0.00	4300
293	6.30	4652	2304	1.27	3301	0	0	9	52	2156	0.00	0.01	0.31	93.30	7.14	0.00	0.00	86.56	100	11328	100	101.34	99.08	0.00	0.00	0.00	0.00	0.00	0.00	0.00	0.00	0.00	0.00	0.00	23.35	19.19	0.00	1.22	0.00	0.00	4300
293	6.30	4653	2304	1.27	3492	0	0	9	34	2354	0.00	0.01	0.23	93.37	7.20	0.00	0.00	86.50	100	11400	100	101.30	98.97	0.00	0.00	0.00	0.00	0.00	0.00	0.00	0.00	0.00	0.00	0.00	23.09	18.47	0.00	1.22	0.00	0.00	4300
293	6.30	4651	2304	1.27	3468	0	0	8	184	2196	0.00	0.01	1.06	92.55	7.20	0.00	0.00	86.50	100	11467	100	101.36	98.97	0.00	0.00	0.00	0.00	0.00	0.00	0.00	0.00	0.00	0.00	0.00	21.94	17.68	0.00	1.22	0.00	0.00	4300
296	6.37	4651	2304	1.28	3723	0	1	149	179	2336	0.00	0.11	0.97	92.46	7.80	0.00	0.00	85.83	100	11538	100	102.52	98.87	0.00	0.00	0.00	0.00	0.00	0.00	0.00	0.00	0.00	0.00	0.00	22.90	18.56	0.00	1.23	0.00	0.00	4300
296	6.35	4658	2304	1.26	3510	0	1	85	210	2213	0.00	0.08	1.04	92.43	7.41	0.00	0.00	86.24	100	11606	100	102.21	98.91	0.00	0.00	0.00	0.00	0.00	0.00	0.00	0.00	0.00	0.00	0.00	22.38	17.88	0.00	1.23	0.00	0.00	4300
293	6.30	4657	2304	1.27	3429	0	0	12	53	2269	0.00	0.02	0.30	93.30	7.17	0.00	0.00	86.53	99	11675	99	101.25	98.98	0.00	0.00	0.00	0.00	0.00	0.00	0.00	0.00	0.00	0.00	0.00	23.50	19.38	0.00	1.22	0.00	0.00	4300
293	6.30	4658	2304	1.27	3310	0	0	9	24	2191	0.00	0.01	0.18	93.43	7.14	0.00	0.00	86.56	100	11742	100	101.26	99.02	0.00	0.00	0.00	0.00	0.00	0.00	0.00	0.00	0.00	0.00	0.00	23.93	19.29	0.00	1.22	0.00	0.00	4300
293	6.30	4655	2304	1.27	3336	0	0	5	65	2196	0.00	0.01	0.35	93.26	7.15	0.00	0.00	86.55	100	11809	100	101.26	99.02	0.00	0.00	0.00	0.00	0.00	0.00	0.00	0.00	0.00	0.00	0.00	22.63	18.25	0.00	1.22	0.00	0.00	4300
297	6.38	4651	2304	1.27	3877	0	0	141	311	2356	0.00	0.09	1.75	91.67	7.53	0.00	0.00	86.09	100	11881	99	102.65	98.83	0.00	0.00	0.00	0.00	0.00	0.00	0.00	0.00	0.00	0.00	0.00	23.61	19.25	0.00	1.23	0.00	0.00	4300
293	6.30	4659	2304	1.28	3250	0	0	8	26	2125	0.00	0.01	0.18	93.44	7.11	0.00	0.00	86.60	99	11945	99	101.20	99.06	0.00	0.00	0.00	0.00	0.00	0.00	0.00	0.00	0.00	0.00	0.00	21.54	17.18	0.00	1.22	0.00	0.00	4300
293	6.30	4655	2304	1.28	3223	0	0	9	50	2080	0.00	0.02	0.38	93.23	7.12	0.00	0.00	86.59	100	12009	100	101.25	99.08	0.00	0.00	0.00	0.00	0.00	0.00	0.00	0.00	0.00	0.00	0.00	21.29	16.93	0.00	1.22	0.00	0.00	4300
293	6.31	4653	2304	1.27	3620	0	0	6	48	2459	0.00	0.01	0.29	93.32	7.23	0.00	0.00	86.47	100	12085	100	101.35	98.92	0.00	0.00	0.00	0.00	0.00	0.00	0.00	0.00	0.00	0.00	0.00	22.31	17.95	0.00	1.22	0.00	0.00	4300
293	6.31	4652	2304	1.27	3499	0	0	19	55	2328	0.00	0.03	0.50	93.08	7.22	0.00	0.00	86.47	100	12154	100	101.41	99.00	0.00	0.00	0.00	0.00	0.00	0.00	0.00	0.00	0.00	0.00	0.00	21.32	16.94	0.00	1.22	0.00	0.00	4300
297	6.40	4649	2304	1.27	3876	0	0	167	279	2449	0.00	0.12	1.62	91.77	7.77	0.00	0.00	85.83	100	12227	100	102.91	98.81	0.00	0.00	0.00	0.00	0.00	0.00	0.00	0.00	0.00	0.00	0.00	21.43	17.04	0.00	1.23	0.00	0.00	4300
293	6.30	4654	2304	1.27	3518	0	0	18	174	2224	0.00	0.02	1.05	92.56	7.22	0.00	0.00	86.47	100	12295	100	101.37	98.96	0.00	0.00	0.00	0.00	0.00	0.00	0.00	0.00	0.00	0.00	0.00	21.67	17.31	0.00	1.22	0.00	0.00	4300
293	6.30	4655	2304	1.27	3548	0	0	29	67	2352	0.00	0.02	0.59	93.02	7.21	0.00	0.00	86.49	100	12368	100	101.30	98.92	0.00	0.00	0.00	0.00	0.00	0.00	0.00	0.00	0.00	0.00	0.00	21.80	17.43	0.00	1.22	0.00	0.00	4300
294	6.31	4654	2304	1.27	3530	0	0	37	31	2366	0.00	0.03	0.20	93.40	7.22	0.00	0.00	86.48	100	12441	100	101.37	98.97	0.00	0.00	0.00	0.00	0.00	0.00	0.00	0.00	0.00	0.00	0.00	22.40	18.04	0.00	1.22	0.00	0.00	4300
293	6.30	4658	2304	1.27	3302	0	0	28	23	2168	0.00	0.02	0.14	93.48	7.12	0.00	0.00	86.58	100	12507	100	101.23	99.07	0.00	0.00	0.00	0.00	0.00	0.00	0.00	0.00	0.00	0.00	0.00	22.46	18.10	0.00	1.22	0.00	0.00	4300
297	6.39	4654	2304	1.28	3655	0	1	179	162	2280	0.00	0.22	0.92	92.39	7.80	0.00	0.00	85.81	100	12576	100	102.69	98.90	0.00	0.00	0.00	0.00	0.00	0.00	0.00	0.00	0.00	0.00	0.00	23.00	18.61	0.00	1.23	0.00	0.00	4300
294	6.30	4659	2304	1.27	3588	0	1	27	74	2398	0.00	0.04	0.43	93.16	7.27	0.00	0.00	86.42	100	12650	100	101.35	98.91	0.00	0.00	0.00	0.00	0.00	0.00	0.00	0.00	0.00	0.00	0.00	23.31	18.92	0.00	1.22	0.00	0.00	4300
294	6.31	4658	2304	1.27	3636	0	0	34	164	2342	0.00	0.02	0.92	92.67	7.26	0.00	0.00	86.43	100	12722	100	101.43	98.88	0.00	0.00	0.00	0.00	0.00	0.00	0.00	0.00	0.00	0.00	0.00	23.34	18.98	0.00	1.22	0.00	0.00	4300
293	6.29	4662	2304	1.28	3145	0	2	19	51	1999	0.00	0.02	0.44	93.19	7.07	0.00	0.00	86.64	100	12783	100	101.15	99.11	0.00	0.00	0.00	0.00	0.00	0.00	0.00	0.00	0.00	0.00	0.00	21.33	16.97	0.00	1.22	0.00	0.00	4300
294	6.30	4661	2304	1.27	3485	0	1	40	53	2291	0.00	0.04	0.43	93.16	7.21	0.00	0.00	86.48	100	12854	100	101.31	98.96	0.00	0.00	0.00	0.00	0.00	0.00	0.00	0.00	0.00	0.00	0.00	23.51	19.14	0.00	1.22	0.00	0.00	4300
297	6.38	4656	2304	1.28	3790	0	0	155	180	2398	0.00	0.10	1.05	92.39	7.51	0.00	0.00	86.11	99	12926	99	102.59	98.89	0.00	0.00	0.00	0.00	0.00	0.00	0.00	0.00	0.00	0.00	0.00	22.43	18.07	0.00	1.23	0.00	0.00	4300
294	6.30	4662	2304	1.27	3312	0	0	23	27	2186	0.00	0.02	0.18	93.43	7.13	0.00	0.00	86.57	99	12993	100	101.26	99.03	0.00	0.00	0.00	0.00	0.00	0.00	0.00	0.00	0.00	0.00	0.00	22.41	18.02	0.00	1.22	0.00	0.00	4300
294	6.30	4661	2304	1.27	3512	0	0	19	22	2361	0.00	0.02	0.14	93.47	7.18	0.00	0.00	86.52	100	13066	100	101.29	98.95	0.00	0.00	0.00	0.00	0.00	0.00	0.00	0.00	0.00	0.00	0.00	22.40	18.01	0.00	1.22	0.00	0.00	4300
293	6.29	4664	2304	1.28	3156	0	2	37	158	1890	0.00	0.07	0.96	92.62	7.12	0.00	0.00	86.59	100	13123	100	101.18	99.09	0.00	0.00	0.00	0.00	0.00	0.00	0.00	0.00	0.00	0.00	0.00	20.39	16.02	0.00	1.22	0.00	0.00	4300
294	6.30	4662	2304	1.28	3266	0	0	14	37	2136	0.00	0.01	0.24	93.39	7.11	0.00	0.00	86.60	100	13188	100	101.20	99.06	0.00	0.00	0.00	0.00	0.00	0.00	0.00	0.00	0.00	0.00	0.00	21.89	17.53	0.00	1.22	0.00	0.00	4300
297	6.37	4655	2304	1.28	3754	0	0	156	210	2338	0.00	0.11	1.24	92.19	7.84	0.00	0.00	85.79	100	13259	100	102.51	98.82	0.00	0.00	0.00	0.00	0.00	0.00	0.00	0.00	0.00	0.00	0.00	23.73	19.36	0.00	1.23	0.00	0.00	4300
294	6.30	4658	2304	1.27	3610	0	0	13	23	2459	0.00	0.01	0.18	93.44	7.20	0.00	0.00	86.50	100	13335	100	101.33	98.90	0.00	0.00	0.00	0.00	0.00	0.00	0.00	0.00	0.00	0.00	0.00	22.45	18.09	0.00	1.22	0.00	0.00	4300
294	6.30	4657	2304	1.27	3426	0	1	34	27	2270	0.00	0.03	0.20	93.41	7.18	0.00	0.00	86.52	100	13404	100	101.32	99.00	0.00	0.00	0.00	0.00	0.00	0.00	0.00	0.00	0.00	0.00	0.00	20.77	16.38	0.00	1.22	0.00	0.00	4300
293	6.30	4659	2304	1.27	3378	0	0	26	57	2214	0.00	0.03	0.40	93.21	7.18	0.00	0.00	86.52	100	13472	100	101.26	99.00	0.00	0.00	0.00	0.00	0.00	0.00	0.00	0.00	0.00	0.00	0.00	22.12	17.74	0.00	1.22	0.00	0.00	4300
294	6.31	4655	2304	1.27	3674	0	0	69	130	2373	0.00	0.12	0.70	92.80	7.33	0.00	0.00	86.36	100	13546	100	101.41	98.90	0.00	0.00	0.00	0.00	0.00	0.00	0.00	0.00	0.00	0.00	0.00	22.94	18.57	0.00	1.22	0.00	0.00	4300
297	6.38	4652	2304	1.28	3867	0	0	183	127	2506	0.00	0.24	0.61	92.69	7.78	0.00	0.00	85.83	100	13623	100	102.55	98.86	0.00	0.00	0.00	0.00	0.00	0.00	0.00	0.00	0.00	0.00	0.00	23.90	19.54	0.00	1.23	0.00	0.00	4300
296	6.34	4661	2304	1.27	3401	0	0	52	46	2271	0.00	0.03	0.24	93.31	7.25	0.00	0.00	86.41	100	13691	100	101.98	98.95	0.00	0.00	0.00	0.00	0.00	0.00	0.00	0.00	0.00	0.00	0.00	23.38	19.01	0.00	1.23	0.00	0.00	4300
293	6.30	4660	2304	1.27	3365	0	0	21	64	2185	0.00	0.05	0.51	93.08	7.20	0.00	0.00	86.50	100	13759	100	101.22	99.00	0.00	0.00	0.00	0.00	0.00	0.00	0.00	0.00	0.00	0.00	0.00	22.46	18.10	0.00	1.22	0.00	0.00	4300
294	6.31	4659	2303	1.27	3510	0	0	16	23	2370	0.00	0.02	0.14	93.42	7.20	0.00	0.00	86.49	100	13832	100	101.28	98.90	0.00	0.00	0.00	0.00	0.00	0.00	0.00	0.00	0.00	0.00	0.00	22.58	18.20	0.00	1.22	0.00	0.00	4300
294	6.30	4664	2302	1.27	3336	0	0	17	61	2169	0.00	0.01	0.41	93.13	7.12	0.00	0.00	86.58	100	13899	100	101.09	98.92	0.00	0.00	0.00	0.00	0.00	0.00	0.00	0.00	0.00	0.00	0.00	20.98	16.84	0.00	1.22	0.00	0.00	4300
297	6.35	4669	2307	1.28	3332	0	1	204	276	1849	0.00	0.13	1.66	91.90	7.62	0.00	0.00	86.03	100	13953	100	102.55	99.12	0.00	0.00	0.00	0.00	0.00	0.00	0.00	0.00	0.00	0.00	0.00	23.11	18.50	0.00	1.23	0.00	0.00	4300
294	6.29	4676	2304	1.28	2861	0	0	17	35	1749	0.00	0.02	0.23	93.41	6.96	0.00	0.00	86.75	100	14005	100	101.10	99.28	0.00	0.00	0.00	0.00	0.00	0.00	0.00	0.00	0.00	0.00	0.00	22.67	18.30	0.00	1.22	0.00	0.00	4300
294	6.29	4673	2304	1.28	2829	0	0	12	31	1744	0.00	0.01	0.23	93.42	6.96	0.00	0.00	86.75	100	14057	100	101.10	99.23	0.00	0.00	0.00	0.00	0.00	0.00	0.00	0.00	0.00	0.00	0.00	21.99	17.63	0.00	1.22	0.00	0.00	4300
294	6.28	4675	2304	1.28	2783	0	0	9	42	1664	0.00	0.01	0.22	93.44	6.92	0.00	0.00	86.80	100	14107	100	101.01	99.28	0.00	0.00	0.00	0.00	0.00	0.00	0.00	0.00	0.00	0.00	0.00	22.13	17.76	0.00	1.22	0.00	0.00	4300
294	6.29	4673	2304	1.28	2960	0	0	17	26	1857	0.00	0.01	0.21	93.43	7.00	0.00	0.00	86.71	100	14162	100	101.17	99.21	0.00	0.00	0.00	0.00	0.00	0.00	0.00	0.00	0.00	0.00	0.00	24.01	19.62	0.00	1.22	0.00	0.00	4300
297	6.37	4670	2304	1.28	3517	0	0	148	208	2142	0.00	0.11	1.07	92.36	7.65	0.00	0.00	85.98	99	14226	100	102.49	98.96	0.00	0.00	0.00	0.00	0.00	0.00	0.00	0.00	0.00	0.00	0.00	22.97	18.58	0.00	1.23	0.00	0.00	4300
294	6.29	4674	2304	1.28	3088	0	1	26	199	1791	0.00	0.04	0.94	92.67	7.08	0.00	0.00	86.63	100	14281	100	101.19	99.16	0.00	0.00	0.00	0.00	0.00	0.00	0.00	0.00	0.00	0.00	0.00	21.56	17.20	0.00	1.22	0.00	0.00	4300
294	6.28	4675	2304	1.28	2734	0	0	8	25	1646	0.00	0.01	0.19	93.47	6.90	0.00	0.00	86.82	100	14330	100	100.98	99.28	0.00	0.00	0.00	0.00	0.00	0.00	0.00	0.00	0.00	0.00	0.00	22.98	18.61	0.00	1.22	0.00	0.00	4300
294	6.29	4677	2304	1.28	2889	0	2	17	51	1762	0.00	0.01	0.44	93.21	6.95	0.00	0.00	86.75	100	14383	100	101.15	99.27	0.00	0.00	0.00	0.00	0.00	0.00	0.00	0.00	0.00	0.00	0.00	23.60	19.23	0.00	1.22	0.00	0.00	4300
294	6.29	4675	2304	1.28	2907	0	0	22	64	1767	0.00	0.02	0.43	93.20	6.98	0.00	0.00	86.73	100	14436	100	101.08	99.23	0.00	0.00	0.00	0.00	0.00	0.00	0.00	0.00	0.00	0.00	0.00	23.48	19.12	0.00	1.22	0.00	0.00	4300
297	6.37	4671	2304	1.28	3498	0	1	188	172	2105	0.00	0.18	0.96	92.40	7.76	0.00	0.00	85.87	100	14499	100	102.45	98.95	0.00	0.00	0.00	0.00	0.00	0.00	0.00	0.00	0.00	0.00	0.00	21.79	17.39	0.00	1.23	0.00	0.00	4300
294	6.29	4677	2304	1.28	2938	0	0	23	44	1813	0.00	0.02	0.30	93.33	6.98	0.00	0.00	86.73	99	14553	99	101.13	99.25	0.00	0.00	0.00	0.00	0.00	0.00	0.00	0.00	0.00	0.00	0.00	22.14	17.75	0.00	1.22	0.00	0.00	4300
294	6.30	4677	2304	1.28	3078	0	5	32	183	1802	0.00	0.05	1.06	92.53	7.07	0.00	0.00	86.63	100	14607	100	101.26	99.19	0.00	0.00	0.00	0.00	0.00	0.00	0.00	0.00	0.00	0.00	0.00	20.63	16.26	0.00	1.22	0.00	0.00	4300
294	6.29	4676	2304	1.28	2812	0	0	26	56	1681	0.00	0.02	0.33	93.31	6.95	0.00	0.00	86.76	100	14657	100	101.12	99.29	0.00	0.00	0.00	0.00	0.00	0.00	0.00	0.00	0.00	0.00	0.00	23.06	18.70	0.00	1.22	0.00	0.00	4300
294	6.28	4681	2304	1.28	2408	0	0	27	25	1332	0.00	0.02	0.21	93.45	6.82	0.00	0.00	86.91	100	14695	100	100.95	99.47	0.00	0.00	0.00	0.00	0.00	0.00	0.00	0.00	0.00	0.00	0.00	22.84	18.47	0.00	1.22	0.00	0.00	4300
298	6.39	4670	2304	1.28	3839	0	1	151	222	2385	0.00	0.11	0.99	92.40	7.92	0.00	0.00	85.69	100	14769	100	102.78	98.80	0.00	0.00	0.00	0.00	0.00	0.00	0.00	0.00	0.00	0.00	0.00	22.19	17.83	0.00	1.23	0.00	0.00	4300
294	6.29	4677	2304	1.28	2803	0	1	21	21	1707	0.00	0.01	0.14	93.50	6.94	0.00	0.00	86.78	100	14819	100	101.10	99.27	0.00	0.00	0.00	0.00	0.00	0.00	0.00	0.00	0.00	0.00	0.00	23.41	19.02	0.00	1.22	0.00	0.00	4300
295	6.30	4673	2304	1.27	3440	0	1	36	67	2255	0.00	0.03	0.56	93.04	7.17	0.00	0.00	86.53	100	14888	100	101.37	99.05	0.00	0.00	0.00	0.00	0.00	0.00	0.00	0.00	0.00	0.00	0.00	22.08	17.70	0.00	1.22	0.00	0.00	4300
294	6.31	4671	2301	1.28	3245	0	0	37	170	1975	0.00	0.04	1.07	92.36	7.10	0.00	0.00	86.59	99	14948	99	101.13	98.98	0.00	0.00	0.00	0.00	0.00	0.00	0.00	0.00	0.00	0.00	0.00	23.24	18.88	0.00	1.22	0.00	0.00	4300
294	6.29	4664	2308	1.27	3360	0	0	39	19	2202	0.00	0.04	0.13	93.63	7.15	0.00	0.00	86.56	100	15016	100	101.33	99.14	0.00	0.00	0.00	0.00	0.00	0.00	0.00	0.00	0.00	0.00	0.00	23.04	18.67	0.00	1.23	0.00	0.00	4300
297	6.38	4662	2304	1.28	3720	0	0	202	137	2340	0.00	0.26	0.76	92.51	7.82	0.00	0.00	85.80	100	15086	100	102.58	98.88	0.00	0.00	0.00	0.00	0.00	0.00	0.00	0.00	0.00	0.00	0.00	21.88	17.51	0.00	1.23	0.00	0.00	4300
295	6.32	4667	2304	1.28	3219	0	0	33	77	2069	0.00	0.03	0.61	92.96	7.16	0.00	0.00	86.53	100	15148	100	101.51	99.02	0.00	0.00	0.00	0.00	0.00	0.00	0.00	0.00	0.00	0.00	0.00	23.09	18.73	0.00	1.23	0.00	0.00	4300
294	6.30	4664	2304	1.27	3242	0	0	14	34	2127	0.00	0.01	0.23	93.39	7.09	0.00	0.00	86.61	99	15212	100	101.27	99.07	0.00	0.00	0.00	0.00	0.00	0.00	0.00	0.00	0.00	0.00	0.00	21.69	17.30	0.00	1.22	0.00	0.00	4300
294	6.29	4666	2304	1.28	3170	0	0	18	26	2041	0.00	0.01	0.13	93.51	7.06	0.00	0.00	86.65	100	15274	100	101.18	99.11	0.00	0.00	0.00	0.00	0.00	0.00	0.00	0.00	0.00	0.00	0.00	23.45	19.06	0.00	1.22	0.00	0.00	4300
294	6.29	4671	2304	1.28	3054	0	0	15	155	1823	0.00	0.02	0.85	92.78	7.05	0.00	0.00	86.66	100	15328	100	101.18	99.16	0.00	0.00	0.00	0.00	0.00	0.00	0.00	0.00	0.00	0.00	0.00	23.44	19.08	0.00	1.22	0.00	0.00	4300
297	6.37	4667	2304	1.28	3411	0	1	138	168	2044	0.00	0.09	0.98	92.49	7.38	0.00	0.00	86.25	100	15389	100	102.41	99.00	0.00	0.00	0.00	0.00	0.00	0.00	0.00	0.00	0.00	0.00	0.00	22.07	17.71	0.00	1.23	0.00	0.00	4300
296	6.34	4666	2304	1.27	3077	0	0	78	102	1922	0.00	0.07	0.54	92.98	7.24	0.00	0.00	86.42	100	15445	100	102.05	99.09	0.00	0.00	0.00	0.00	0.00	0.00	0.00	0.00	0.00	0.00	0.00	21.47	17.10	0.00	1.23	0.00	0.00	4300
294	6.29	4668	2304	1.28	3256	0	0	21	34	2119	0.00	0.02	0.23	93.39	7.09	0.00	0.00	86.62	100	15510	100	101.18	99.05	0.00	0.00	0.00	0.00	0.00	0.00	0.00	0.00	0.00	0.00	0.00	23.31	18.95	0.00	1.22	0.00	0.00	4300
294	6.30	4664	2304	1.28	3211	0	0	37	32	2073	0.00	0.03	0.25	93.35	7.12	0.00	0.00	86.58	100	15573	99	101.21	99.07	0.00	0.00	0.00	0.00	0.00	0.00	0.00	0.00	0.00	0.00	0.00	22.28	17.89	0.00	1.22	0.00	0.00	4300
294	6.30	4670	2304	1.27	3359	0	0	21	55	2196	0.00	0.03	0.34	93.27	7.15	0.00	0.00	86.55	100	15639	100	101.29	99.04	0.00	0.00	0.00	0.00	0.00	0.00	0.00	0.00	0.00	0.00	0.00	19.57	15.18	0.00	1.22	0.00	0.00	4300
300	6.42	4665	2304	1.28	3222	0	6	164	204	1857	0.00	0.11	1.11	92.27	7.63	0.00	0.00	85.95	100	15693	100	103.12	98.99	0.00	0.00	0.00	0.00	0.00	0.00	0.00	0.00	0.00	0.00	0.00	21.60	17.24	0.00	1.23	0.00	0.00	4300
294	6.30	4663	2304	1.27	3356	0	0	19	43	2206	0.00	0.01	0.31	93.32	7.13	0.00	0.00	86.57	100	15761	100	101.26	99.04	0.00	0.00	0.00	0.00	0.00	0.00	0.00	0.00	0.00	0.00	0.00	20.95	16.59	0.00	1.22	0.00	0.00	4300
294	6.29	4663	2304	1.28	3072	0	0	20	32	1968	0.00	0.02	0.23	93.39	7.07	0.00	0.00	86.64	100	15820	99	101.19	99.14	0.00	0.00	0.00	0.00	0.00	0.00	0.00	0.00	0.00	0.00	0.00	20.85	16.49	0.00	1.22	0.00	0.00	4300
293	6.29	4665	2304	1.28	3128	0	0	18	64	1965	0.00	0.01	0.47	93.16	7.06	0.00	0.00	86.65	100	15879	100	101.15	99.11	0.00	0.00	0.00	0.00	0.00	0.00	0.00	0.00	0.00	0.00	0.00	21.93	17.57	0.00	1.22	0.00	0.00	4300
294	6.30	4660	2304	1.27	3513	0	0	10	27	2390	0.00	0.01	0.17	93.44	7.19	0.00	0.00	86.51	100	15953	99	101.33	98.95	0.00	0.00	0.00	0.00	0.00	0.00	0.00	0.00	0.00	0.00	0.00	22.00	17.61	0.00	1.22	0.00	0.00	4300
297	6.36	4660	2304	1.28	3609	0	1	235	258	2050	0.00	0.15	1.63	91.76	7.79	0.00	0.00	85.84	100	16015	100	102.40	98.88	0.00	0.00	0.00	0.00	0.00	0.00	0.00	0.00	0.00	0.00	0.00	22.92	18.54	0.00	1.23	0.00	0.00	4300
294	6.30	4662	2304	1.27	3567	0	1	89	203	2178	0.00	0.06	1.24	92.33	7.24	0.00	0.00	86.46	100	16084	100	101.36	98.96	0.00	0.00	0.00	0.00	0.00	0.00	0.00	0.00	0.00	0.00	0.00	21.76	17.39	0.00	1.22	0.00	0.00	4300
294	6.30	4664	2304	1.27	3625	0	0	34	72	2413	0.00	0.04	0.45	93.14	7.25	0.00	0.00	86.44	100	16159	100	101.36	98.90	0.00	0.00	0.00	0.00	0.00	0.00	0.00	0.00	0.00	0.00	0.00	22.61	18.25	0.00	1.22	0.00	0.00	4300
294	6.30	4666	2304	1.28	3216	0	0	12	34	2086	0.00	0.01	0.22	93.41	7.08	0.00	0.00	86.62	100	16223	100	101.19	99.05	0.00	0.00	0.00	0.00	0.00	0.00	0.00	0.00	0.00	0.00	0.00	22.21	17.85	0.00	1.22	0.00	0.00	4300
294	6.29	4668	2304	1.28	3257	0	0	16	44	2115	0.00	0.02	0.30	93.32	7.09	0.00	0.00	86.62	100	16288	100	101.16	99.04	0.00	0.00	0.00	0.00	0.00	0.00	0.00	0.00	0.00	0.00	0.00	22.37	18.01	0.00	1.22	0.00	0.00	4300
297	6.37	4664	2304	1.28	3634	0	1	208	153	2216	0.00	0.23	0.78	92.53	7.80	0.00	0.00	85.83	100	16356	100	102.51	98.93	0.00	0.00	0.00	0.00	0.00	0.00	0.00	0.00	0.00	0.00	0.00	23.64	19.25	0.00	1.23	0.00	0.00	4300
294	6.29	4666	2304	1.28	3110	0	0	9	63	1978	0.00	0.01	0.40	93.23	7.06	0.00	0.00	86.65	100	16415	100	101.20	99.12	0.00	0.00	0.00	0.00	0.00	0.00	0.00	0.00	0.00	0.00	0.00	22.79	18.41	0.00	1.22	0.00	0.00	4300
294	6.31	4665	2304	1.28	3399	0	1	16	215	2094	0.00	0.03	1.21	92.38	7.20	0.00	0.00	86.49	100	16479	100	101.43	98.99	0.00	0.00	0.00	0.00	0.00	0.00	0.00	0.00	0.00	0.00	0.00	22.31	17.94	0.00	1.23	0.00	0.00	4300
295	6.32	4663	2304	1.27	3528	0	0	15	33	2381	0.00	0.01	0.20	93.40	7.19	0.00	0.00	86.49	100	16552	100	101.50	98.96	0.00	0.00	0.00	0.00	0.00	0.00	0.00	0.00	0.00	0.00	0.00	23.37	19.01	0.00	1.22	0.00	0.00	4300
294	6.30	4664	2304	1.27	3474	0	0	22	29	2324	0.00	0.02	0.20	93.40	7.18	0.00	0.00	86.52	100	16623	100	101.32	98.97	0.00	0.00	0.00	0.00	0.00	0.00	0.00	0.00	0.00	0.00	0.00	23.50	19.13	0.00	1.22	0.00	0.00	4300
297	6.37	4662	2304	1.28	3881	0	0	157	221	2400	0.00	0.10	1.31	92.11	7.86	0.00	0.00	85.77	100	16697	100	102.55	98.77	0.00	0.00	0.00	0.00	0.00	0.00	0.00	0.00	0.00	0.00	0.00	22.28	17.92	0.00	1.23	0.00	0.00	4300
294	6.31	4665	2304	1.27	3580	0	2	46	36	2411	0.00	0.02	0.26	93.34	7.21	0.00	0.00	86.49	99	16771	100	101.40	98.95	0.00	0.00	0.00	0.00	0.00	0.00	0.00	0.00	0.00	0.00	0.00	21.40	17.01	0.00	1.22	0.00	0.00	4300
294	6.30	4667	2304	1.27	3465	0	1	20	27	2315	0.00	0.02	0.21	93.40	7.16	0.00	0.00	86.53	100	16842	100	101.32	99.01	0.00	0.00	0.00	0.00	0.00	0.00	0.00	0.00	0.00	0.00	0.00	24.06	19.68	0.00	1.22	0.00	0.00	4300
294	6.30	4667	2304	1.28	3173	0	1	103	145	1859	0.00	0.09	0.90	92.65	7.13	0.00	0.00	86.58	100	16899	100	101.20	99.13	0.00	0.00	0.00	0.00	0.00	0.00	0.00	0.00	0.00	0.00	0.00	22.18	17.81	0.00	1.22	0.00	0.00	4300
293	6.29	4666	2304	1.28	3083	0	0	22	36	1958	0.00	0.03	0.24	93.37	7.07	0.00	0.00	86.64	100	16959	99	101.09	99.11	0.00	0.00	0.00	0.00	0.00	0.00	0.00	0.00	0.00	0.00	0.00	20.98	16.62	0.00	1.22	0.00	0.00	4300
297	6.37	4664	2304	1.28	3664	0	0	188	183	2237	0.00	0.14	1.08	92.33	7.80	0.00	0.00	85.83	100	17027	100	102.50	98.86	0.00	0.00	0.00	0.00	0.00	0.00	0.00	0.00	0.00	0.00	0.00	22.84	18.48	0.00	1.23	0.00	0.00	4300
293	6.29	4667	2304	1.28	2958	0	0	10	10	1873	0.00	0.01	0.08	93.57	7.00	0.00	0.00	86.72	100	17083	100	101.07	99.18	0.00	0.00	0.00	0.00	0.00	0.00	0.00	0.00	0.00	0.00	0.00	22.72	18.35	0.00	1.22	0.00	0.00	4300
294	6.30	4668	2304	1.28	3158	0	0	14	36	2042	0.00	0.01	0.23	93.39	7.08	0.00	0.00	86.63	100	17144	100	101.24	99.10	0.00	0.00	0.00	0.00	0.00	0.00	0.00	0.00	0.00	0.00	0.00	22.76	18.38	0.00	1.22	0.00	0.00	4300
294	6.30	4666	2304	1.27	3384	0	0	13	62	2221	0.00	0.01	0.42	93.20	7.14	0.00	0.00	86.56	100	17212	100	101.23	98.97	0.00	0.00	0.00	0.00	0.00	0.00	0.00	0.00	0.00	0.00	0.00	22.33	17.95	0.00	1.22	0.00	0.00	4300
294	6.30	4663	2304	1.27	3562	0	1	16	343	2122	0.00	0.03	2.00	91.60	7.24	0.00	0.00	86.45	100	17278	100	101.36	98.93	0.00	0.00	0.00	0.00	0.00	0.00	0.00	0.00	0.00	0.00	0.00	22.29	17.93	0.00	1.22	0.00	0.00	4300
297	6.37	4663	2304	1.28	3663	0	1	139	193	2265	0.00	0.10	0.94	92.50	7.76	0.00	0.00	85.87	100	17348	100	102.42	98.85	0.00	0.00	0.00	0.00	0.00	0.00	0.00	0.00	0.00	0.00	0.00	22.27	17.91	0.00	1.23	0.00	0.00	4300
296	6.34	4667	2304	1.27	3170	0	1	75	55	2013	0.00	0.04	0.23	93.32	7.20	0.00	0.00	86.47	100	17408	100	101.89	99.09	0.00	0.00	0.00	0.00	0.00	0.00	0.00	0.00	0.00	0.00	0.00	24.33	19.96	0.00	1.23	0.00	0.00	4300
294	6.29	4670	2304	1.28	3017	0	0	23	46	1886	0.00	0.02	0.31	93.32	7.01	0.00	0.00	86.70	100	17465	100	101.11	99.17	0.00	0.00	0.00	0.00	0.00	0.00	0.00	0.00	0.00	0.00	0.00	22.36	18.00	0.00	1.22	0.00	0.00	4300
294	6.29	4673	2304	1.28	2774	0	1	19	22	1683	0.00	0.02	0.15	93.48	6.94	0.00	0.00	86.78	100	17515	100	101.06	99.27	0.00	0.00	0.00	0.00	0.00	0.00	0.00	0.00	0.00	0.00	0.00	22.16	17.77	0.00	1.22	0.00	0.00	4300
294	6.29	4673	2304	1.28	3010	0	0	16	23	1906	0.00	0.02	0.16	93.47	7.02	0.00	0.00	86.69	100	17572	100	101.12	99.17	0.00	0.00	0.00	0.00	0.00	0.00	0.00	0.00	0.00	0.00	0.00	22.41	18.03	0.00	1.22	0.00	0.00	4300
297	6.36	4671	2304	1.28	3233	0	2	181	294	1742	0.00	0.13	1.75	91.68	7.63	0.00	0.00	86.01	100	17623	100	102.36	99.08	0.00	0.00	0.00	0.00	0.00	0.00	0.00	0.00	0.00	0.00	0.00	23.14	18.78	0.00	1.23	0.00	0.00	4300
294	6.28	4676	2304	1.28	2744	0	0	21	45	1632	0.00	0.03	0.29	93.35	6.95	0.00	0.00	86.77	100	17671	100	101.03	99.30	0.00	0.00	0.00	0.00	0.00	0.00	0.00	0.00	0.00	0.00	0.00	22.79	18.43	0.00	1.22	0.00	0.00	4300
294	6.30	4673	2304	1.28	3083	0	7	9	44	1956	0.00	0.01	0.28	93.35	7.03	0.00	0.00	86.67	100	17730	100	101.23	99.16	0.00	0.00	0.00	0.00	0.00	0.00	0.00	0.00	0.00	0.00	0.00	22.47	18.11	0.00	1.22	0.00	0.00	4300
294	6.30	4671	2304	1.27	3350	0	0	13	51	2198	0.00	0.02	0.39	93.22	7.12	0.00	0.00	86.59	100	17798	100	101.23	99.03	0.00	0.00	0.00	0.00	0.00	0.00	0.00	0.00	0.00	0.00	0.00	23.01	18.65	0.00	1.22	0.00	0.00	4300
296	6.35	4668	2304	1.28	2888	0	0	274	44	1763	0.00	0.27	0.28	93.02	7.61	0.00	0.00	86.04	100	17848	100	101.94	99.19	0.00	0.00	0.00	0.00	0.00	0.00	0.00	0.00	0.00	0.00	0.00	22.33	17.94	0.00	1.22	0.00	0.00	4300
297	6.36	4670	2304	1.28	3194	0	1	158	190	1826	0.00	0.13	1.05	92.38	7.56	0.00	0.00	86.08	100	17902	100	102.34	99.10	0.00	0.00	0.00	0.00	0.00	0.00	0.00	0.00	0.00	0.00	0.00	20.70	16.32	0.00	1.23	0.00	0.00	4300
295	6.31	4675	2304	1.27	3422	0	0	11	176	2153	0.00	0.01	0.92	92.69	7.14	0.00	0.00	86.55	99	17967	99	101.39	99.06	0.00	0.00	0.00	0.00	0.00	0.00	0.00	0.00	0.00	0.00	0.00	22.75	18.39	0.00	1.22	0.00	0.00	4300
294	6.29	4677	2304	1.28	2884	0	0	16	26	1773	0.00	0.02	0.14	93.50	6.96	0.00	0.00	86.76	100	18021	100	101.05	99.25	0.00	0.00	0.00	0.00	0.00	0.00	0.00	0.00	0.00	0.00	0.00	21.98	17.62	0.00	1.22	0.00	0.00	4300
294	6.30	4671	2304	1.28	3260	0	2	18	44	2110	0.00	0.02	0.33	93.28	7.10	0.00	0.00	86.61	100	18085	100	101.27	99.09	0.00	0.00	0.00	0.00	0.00	0.00	0.00	0.00	0.00	0.00	0.00	22.63	18.27	0.00	1.22	0.00	0.00	4300
294	6.29	4676	2304	1.28	2935	0	1	48	68	1759	0.00	0.02	0.51	93.12	6.97	0.00	0.00	86.74	100	18139	100	101.10	99.24	0.00	0.00	0.00	0.00	0.00	0.00	0.00	0.00	0.00	0.00	0.00	22.86	18.49	0.00	1.22	0.00	0.00	4300
298	6.38	4672	2304	1.28	3421	0	0	187	107	2068	0.00	0.13	0.57	92.82	7.63	0.00	0.00	85.99	100	18202	100	102.52	99.04	0.00	0.00	0.00	0.00	0.00	0.00	0.00	0.00	0.00	0.00	0.00	23.22	18.83	0.00	1.23	0.00	0.00	4300
294	6.30	4674	2304	1.28	3209	0	0	19	30	2088	0.00	0.02	0.22	93.40	7.07	0.00	0.00	86.63	100	18265	100	101.27	99.14	0.00	0.00	0.00	0.00	0.00	0.00	0.00	0.00	0.00	0.00	0.00	21.68	17.29	0.00	1.22	0.00	0.00	4300
294	6.29	4675	2304	1.28	2737	0	1	37	146	1528	0.00	0.06	0.88	92.72	6.98	0.00	0.00	86.73	99	18309	100	101.07	99.30	0.00	0.00	0.00	0.00	0.00	0.00	0.00	0.00	0.00	0.00	0.00	22.39	18.03	0.00	1.22	0.00	0.00	4300
299	6.39	4677	2304	1.28	3121	0	0	293	249	1557	0.00	0.41	1.36	91.75	8.08	0.00	0.00	85.53	100	18354	100	102.91	99.11	0.00	0.00	0.00	0.00	0.00	0.00	0.00	0.00	0.00	0.00	0.00	24.62	20.23	0.00	1.23	0.00	0.00	4300
295	6.31	4675	2304	1.27	3484	0	3	21	43	2340	0.00	0.03	0.24	93.35	7.19	0.00	0.00	86.50	100	18426	99	101.50	99.03	0.00	0.00	0.00	0.00	0.00	0.00	0.00	0.00	0.00	0.00	0.00	22.46	18.09	0.00	1.22	0.00	0.00	4300
298	6.37	4676	2304	1.28	3382	0	0	171	156	2005	0.00	0.17	0.76	92.62	7.58	0.00	0.00	86.05	100	18486	100	102.48	99.03	0.00	0.00	0.00	0.00	0.00	0.00	0.00	0.00	0.00	0.00	0.00	23.02	18.65	0.00	1.23	0.00	0.00	4300
294	6.29	4675	2304	1.28	2986	0	1	12	28	1880	0.00	0.01	0.23	93.41	6.99	0.00	0.00	86.72	100	18542	100	101.20	99.23	0.00	0.00	0.00	0.00	0.00	0.00	0.00	0.00	0.00	0.00	0.00	23.27	18.96	0.00	1.22	0.00	0.00	4300
294	6.29	4677	2304	1.28	3024	0	0	14	85	1862	0.00	0.02	0.53	93.09	7.04	0.00	0.00	86.67	99	18597	99	101.19	99.20	0.00	0.00	0.00	0.00	0.00	0.00	0.00	0.00	0.00	0.00	0.00	20.61	16.15	0.00	1.22	0.00	0.00	4300
295	6.30	4678	2304	1.28	3112	0	0	7	165	1879	0.00	0.01	0.84	92.78	7.03	0.00	0.00	86.68	100	18654	100	101.25	99.18	0.00	0.00	0.00	0.00	0.00	0.00	0.00	0.00	0.00	0.00	0.00	22.10	18.00	0.00	1.22	0.00	0.00	4300
294	6.30	4677	2304	1.28	3121	0	0	18	27	2006	0.00	0.01	0.19	93.44	7.03	0.00	0.00	86.68	99	18714	99	101.21	99.18	0.00	0.00	0.00	0.00	0.00	0.00	0.00	0.00	0.00	0.00	0.00	23.26	18.61	0.00	1.22	0.00	0.00	4300
414	8.94	4627	2304	1.38	4271	0	1	115	309	2484	0.00	0.14	1.72	89.03	10.32	0.00	0.00	80.74	100	18786	100	144.00	98.78	0.00	0.00	0.00	0.00	0.00	0.00	0.00	0.00	0.00	0.00	0.00	23.89	19.64	0.00	1.23	0.00	0.00	4300
295	6.30	4672	2304	1.27	3568	0	1	44	98	2329	0.00	0.02	0.62	92.99	7.19	0.00	0.00	86.50	99	18857	99	101.38	98.96	0.00	0.00	0.00	0.00	0.00	0.00	0.00	0.00	0.00	0.00	0.00	21.60	17.21	0.00	1.22	0.00	0.00	4300
294	6.29	4675	2304	1.28	2936	0	0	19	20	1838	0.00	0.02	0.13	93.50	6.99	0.00	0.00	86.72	100	18913	100	101.15	99.21	0.00	0.00	0.00	0.00	0.00	0.00	0.00	0.00	0.00	0.00	0.00	22.76	18.29	0.00	1.22	0.00	0.00	4300
294	6.29	4674	2304	1.28	2982	0	1	21	25	1875	0.00	0.02	0.17	93.45	7.01	0.00	0.00	86.70	100	18969	100	101.13	99.21	0.00	0.00	0.00	0.00	0.00	0.00	0.00	0.00	0.00	0.00	0.00	21.01	16.63	0.00	1.22	0.00	0.00	4300
294	6.29	4675	2304	1.28	3167	0	0	48	310	1752	0.00	0.05	1.93	91.66	7.10	0.00	0.00	86.60	100	19021	100	101.22	99.14	0.00	0.00	0.00	0.00	0.00	0.00	0.00	0.00	0.00	0.00	0.00	21.58	17.22	0.00	1.22	0.00	0.00	4300
298	6.37	4675	2304	1.28	3357	0	0	164	214	1972	0.00	0.12	1.27	92.16	7.57	0.00	0.00	86.07	100	19080	100	102.44	99.04	0.00	0.00	0.00	0.00	0.00	0.00	0.00	0.00	0.00	0.00	0.00	23.59	19.23	0.00	1.23	0.00	0.00	4300
297	6.35	4675	2304	1.27	3139	0	3	68	114	1973	0.00	0.08	0.69	92.82	7.36	0.00	0.00	86.30	100	19138	100	102.10	99.12	0.00	0.00	0.00	0.00	0.00	0.00	0.00	0.00	0.00	0.00	0.00	23.55	19.18	0.00	1.23	0.00	0.00	4300
294	6.28	4682	2304	1.28	2546	0	1	15	17	1476	0.00	0.02	0.16	93.49	6.85	0.00	0.00	86.87	100	19181	100	100.96	99.42	0.00	0.00	0.00	0.00	0.00	0.00	0.00	0.00	0.00	0.00	0.00	22.07	17.71	0.00	1.22	0.00	0.00	4300
295	6.30	4679	2304	1.28	3089	0	1	13	37	1973	0.00	0.01	0.21	93.42	7.01	0.00	0.00	86.69	100	19240	100	101.31	99.25	0.00	0.00	0.00	0.00	0.00	0.00	0.00	0.00	0.00	0.00	0.00	22.73	18.34	0.00	1.22	0.00	0.00	4300
295	6.31	4675	2304	1.27	3622	0	0	11	77	2438	0.00	0.01	0.45	93.16	7.20	0.00	0.00	86.49	100	19315	100	101.48	99.01	0.00	0.00	0.00	0.00	0.00	0.00	0.00	0.00	0.00	0.00	0.00	23.64	19.26	0.00	1.22	0.00	0.00	4300
298	6.37	4671	2304	1.28	3380	0	2	180	246	1921	0.00	0.19	1.21	92.14	7.84	0.00	0.00	85.79	100	19374	100	102.47	99.06	0.00	0.00	0.00	0.00	0.00	0.00	0.00	0.00	0.00	0.00	0.00	22.14	17.78	0.00	1.23	0.00	0.00	4300
294	6.30	4673	2304	1.27	3357	0	1	17	60	2206	0.00	0.03	0.35	93.24	7.13	0.00	0.00	86.56	99	19442	99	101.29	99.06	0.00	0.00	0.00	0.00	0.00	0.00	0.00	0.00	0.00	0.00	0.00	21.55	17.19	0.00	1.22	0.00	0.00	4300
294	6.30	4677	2302	1.28	2885	0	1	10	34	1763	0.00	0.01	0.28	93.27	6.95	0.00	0.00	86.76	100	19495	100	101.04	99.17	0.00	0.00	0.00	0.00	0.00	0.00	0.00	0.00	0.00	0.00	0.00	21.76	17.40	0.00	1.22	0.00	0.00	4300
294	6.28	4680	2306	1.28	2727	0	0	7	46	1626	0.00	0.01	0.26	93.50	6.89	0.00	0.00	86.83	100	19543	100	101.14	99.44	0.00	0.00	0.00	0.00	0.00	0.00	0.00	0.00	0.00	0.00	0.00	23.56	19.19	0.00	1.23	0.00	0.00	4300
295	6.30	4677	2304	1.28	3063	0	0	16	38	1916	0.00	0.02	0.39	93.22	7.02	0.00	0.00	86.68	99	19601	99	101.23	99.22	0.00	0.00	0.00	0.00	0.00	0.00	0.00	0.00	0.00	0.00	0.00	23.07	18.69	0.00	1.22	0.00	0.00	4300
298	6.37	4671	2304	1.28	3524	0	0	176	201	2098	0.00	0.10	1.33	92.13	7.66	0.00	0.00	85.97	100	19666	100	102.45	99.00	0.00	0.00	0.00	0.00	0.00	0.00	0.00	0.00	0.00	0.00	0.00	24.06	19.67	0.00	1.23	0.00	0.00	4300
295	6.30	4673	2304	1.27	3363	0	2	69	135	2079	0.00	0.06	0.82	92.75	7.15	0.00	0.00	86.55	100	19730	100	101.33	99.10	0.00	0.00	0.00	0.00	0.00	0.00	0.00	0.00	0.00	0.00	0.00	22.73	18.38	0.00	1.22	0.00	0.00	4300
294	6.30	4670	2304	1.28	3251	0	0	13	59	2103	0.00	0.01	0.39	93.24	7.08	0.00	0.00	86.63	100	19794	100	101.23	99.10	0.00	0.00	0.00	0.00	0.00	0.00	0.00	0.00	0.00	0.00	0.00	23.14	18.77	0.00	1.22	0.00	0.00	4300
294	6.30	4676	2304	1.28	3096	0	0	14	21	1992	0.00	0.02	0.17	93.45	7.03	0.00	0.00	86.67	100	19854	100	101.22	99.19	0.00	0.00	0.00	0.00	0.00	0.00	0.00	0.00	0.00	0.00	0.00	23.91	19.55	0.00	1.22	0.00	0.00	4300
294	6.28	4675	2304	1.28	2675	0	1	10	47	1568	0.00	0.01	0.34	93.31	6.89	0.00	0.00	86.83	100	19901	100	100.97	99.32	0.00	0.00	0.00	0.00	0.00	0.00	0.00	0.00	0.00	0.00	0.00	23.03	18.67	0.00	1.22	0.00	0.00	4300
298	6.38	4669	2304	1.28	3648	0	1	155	181	2266	0.00	0.11	1.12	92.31	7.51	0.00	0.00	86.12	100	19969	100	102.59	98.95	0.00	0.00	0.00	0.00	0.00	0.00	0.00	0.00	0.00	0.00	0.00	22.15	17.77	0.00	1.23	0.00	0.00	4300
